384 0.9944907959553152
1084 0.677281394678302
3702 0.6279636397722046
3007 0.8674773921066407
667 0.2815114713200285
1053 0.6696217825025191
1894 0.5040879673071044
2493 0.053192443842470905
1325 0.16073747769608315
3517 0.0220908728985868
3877 0.3277409182429497
140 0.5278607479225876
204 0.7286421585959717
956 0.923708373349879
291 0.25171732546256587
1 0.05682738314816638
3809 0.8916981555120809
3973 0.09253551619300937
3706 0.8145839094862606
2334 0.9620447262844743
755 0.7488950788237563
1813 0.8725950076333234
2335 0.42009440643685947
2506 0.45110207119457546
1393 0.6430964235556955
450 0.7879377759286477
2021 0.11241274542399227
160 0.27414466985805375
1596 0.03776095790782252
1780 0.6920704380264301
3165 0.9877504439754292
2797 0.4255096315290895
2346 0.5640290345271312
3932 0.9409965575489511
2117 0.5371271372419295
2904 0.28756995068695057
355 0.5529023449924028
1500 0.3394143588180911
3449 0.4503134250856855
347 0.8261926615033803
548 0.11822093919545484
2351 0.96215157993847
2541 0.9276177941037914
1732 0.19038000938296495
3903 0.38836869120387474
2602 0.3367083628093829
2325 0.344030479143423
1550 0.3430780143692389
528 0.7981146080303855
2938 0.8878173169867345
1716 0.18933870808557374
453 0.15579939322369452
2912 0.44672401213500446
1310 0.9912193762169199
1031 0.5681794222778688
2192 0.7366233331310532
2718 0.4044501460061858
1202 0.46139288386669197
196 0.18559705946677918
2706 0.6292973929196948
1377 0.5067435054340527
3118 0.8067625692600985
1005 0.6665257138456563
3296 0.9205816753872671
2511 0.6139924024399215
1144 0.12595411505911114
1363 0.2617163081474838
1670 0.22363917793971155
3351 0.5343352452672685
3568 0.08994907490487025
2657 0.47798107062815154
2180 0.9671904082056838
266 0.8080612963528029
2909 0.05753380175759193
1344 0.9372293221853354
2235 0.4133141568160753
2239 0.3343431834567111
3191 0.005225461287386102
2618 0.8166199434083622
2787 0.35119079422134347
83 0.3845215368651336
2974 0.6178967901710034
3270 0.5512573997940766
988 0.46974815684498805
3918 0.8908877206229531
735 0.582610878886019
1279 0.09121021332056611
1567 0.9990843213419661
3722 0.02588820498273836
2790 0.8557157816981206
1468 0.8962315962134335
1678 0.32870552958340227
836 0.9939001888933185
3490 0.43203823936923835
2439 0.02441430517830845
1800 0.960031966281693
2744 0.6462042198232046
1656 0.9350544694360567
3169 0.1251126960796991
3963 0.33128732207180556
95 0.9995074573511435
1641 0.16820562285932616
379 0.8818169336128724
2251 0.7648030776074668
436 0.9893459842764557
3700 0.6200637849420348
959 0.46726577332027763
2366 0.0299320448677054
259 0.8219228155221954
759 0.7998442034841836
1906 0.8709357015796155
1977 0.7891795246264013
2070 0.10141361312759845
961 0.19479798656764624
3128 0.5381460144776451
2588 0.5008251246650636
1035 0.504499428030129
1044 0.5873088825066362
1674 0.6203709980322745
2867 0.18822183505138324
734 0.14986182256972935
2398 0.44705653464849004
491 0.2779516208261209
4 0.8541231479013797
2205 0.9676027466851117
2555 0.12239804556335654
2875 0.8992511684534699
417 0.21780331795054586
3488 0.3120277723759306
1300 0.5951581793945382
1042 0.8044003683293581
3957 0.8833994525142514
2976 0.7809579570706584
359 0.6343084470382994
3499 0.9871294422944185
685 0.00981863414753481
1947 0.7057122153296225
152 0.2865532738193469
3919 0.7147859462757535
3737 0.04571709229272525
1431 0.058128719232940496
1187 0.7756316455533465
3140 0.3544887027707929
3304 0.11747266901717435
406 0.5844699993133446
1883 0.04718081950984354
2175 0.6224702289565899
888 0.21373551491842702
2819 0.8207836446160557
874 0.39229820966789464
3298 0.5640104713090254
483 0.39705656472422923
1013 0.27026638841384143
162 0.8104764736416475
2017 0.9629679961048824
4016 0.8912571346039776
2591 0.430406478274882
2724 0.031375916604408305
2200 0.5527642591452241
3164 0.04261655078302895
120 0.5461553453010713
2613 0.4049374513469495
3061 0.35478007019522795
2837 0.8336201329731052
3045 0.935106480663067
2581 0.19062818544341076
2352 0.70547357641461
3328 0.8399221245118463
2281 0.48163592086404927
1369 0.12915106592996672
2332 0.05013125966275889
601 0.264343795749828
2653 0.42918505998416
2361 0.5637390048578399
1623 0.37901493749815773
2059 0.9561400174719236
1688 0.9133433627477213
1755 0.7931927143771311
1710 0.26076930710949797
1750 0.12943227931686174
3602 0.7731151270516989
3067 0.785110753292434
1228 0.7883058921940289
123 0.8316196724505882
306 0.0537306640906845
3323 0.8552997600843827
2080 0.3939812539079587
282 0.080743673504175
1132 0.27158920129451636
360 0.42814073207381786
177 0.41373856304151113
3202 0.9901969874533192
3653 0.9503972460643396
52 0.5327277386469138
3374 0.483983189302288
2507 0.12982987468823248
1608 0.15729259829204534
2641 0.26088330854585673
2518 0.3403148301237606
1481 0.834422341836849
2132 0.7687208903940601
720 0.015694645729744883
3533 0.3538398475708604
770 0.16365423242039856
2824 0.9780580925543395
3569 0.013003228945625445
2917 0.18863939780790306
219 0.7421191320569389
2829 0.12044898216361377
362 0.16332002343711627
862 0.2930702523186207
305 0.7635926848307174
1066 0.23505802085313732
2972 0.15792696086165803
1417 0.5479270114086587
3655 0.030679152537879895
3541 0.9109057080746458
671 0.3104650139810121
1290 0.28609562559392077
3380 0.019124936243608448
1981 0.8696903464785573
966 0.4640978708589847
694 0.07118015509159592
280 0.6055011012914198
587 0.42747099479097295
922 0.06437929985467639
1133 0.0766858279533763
3846 0.2776217424289824
117 0.44681477638762124
2297 0.31924167242952795
1795 0.6426933127376634
446 0.3589782850218485
245 0.6419877803854375
3337 0.22006159850033724
1205 0.6035605844223915
1730 0.021634700463123435
3685 0.13199523555235848
2930 0.08154846394242532
3624 0.27804023484381435
3713 0.6364420045106173
163 0.9497538282021626
3930 0.17323978713919164
1117 0.5923018295301009
2321 0.3150947501838748
2151 0.810404872430072
2497 0.961677441575563
209 0.6667003006319537
3853 0.33546664286316197
3946 0.8177541173584134
1123 0.4598767967616444
2079 0.33873313579373554
1911 0.509825523444151
348 0.9450501010291955
1545 0.18949067395811225
3220 0.5174802768799899
2054 0.45494301936768955
3274 0.06479026506806584
1933 0.3011087458266263
2412 0.9689228792061271
3549 0.15377793441283105
635 0.021969473513715587
171 0.4694220011536121
3137 0.11688780851638159
2005 0.16032577077827947
2030 0.7461632757812061
1268 0.2825213409092743
3435 0.710967158255421
1418 0.29239228868808553
2527 0.6800641346887426
679 0.9783876905825499
1483 0.7606128158320927
1651 0.6814615388388959
1207 0.8655655582318057
543 0.5466711117033485
288 0.9637085910394914
2629 0.6044939691960657
2452 0.8732157789700775
3810 0.41014451763321025
3416 0.9682729023833452
981 0.6094038376193703
2948 0.38683885556527886
299 0.12775720214386266
3230 0.1975476105011552
1769 0.06412905859639328
2893 0.6623483321891364
2906 0.8200021643300669
539 0.6415794029245003
332 0.4086211187096308
1865 0.26825400728612747
3029 0.30735060543126924
2586 0.9725021364775195
1139 0.06974632124583002
1092 0.4850901058505236
1809 0.27379562616022746
3400 0.5760798848718156
2425 0.21100401960194548
2644 0.49196904663644936
3575 0.12008658707441855
3186 0.6086720881273682
2696 0.23213137545034201
1988 6.917148710435805E-4
3357 0.5550243341626935
3938 0.9866337400879867
1070 0.20807820154874923
1294 0.3113216639042229
2194 0.388226848457504
1265 0.29426502521185227
2053 0.2624997398272578
532 0.857857258926081
3360 0.434063794139652
2672 0.95677676244461
118 0.2078290826007846
3022 0.18861256162388584
1681 0.9139974358185362
897 0.6663388528011692
858 0.6521548601792211
3539 0.9831437827606557
1196 0.25335650224862627
1959 0.9721312808972483
2749 0.1725445815404837
1365 0.14603548629896257
738 0.7086089396939756
1216 0.1494182578621065
1930 0.08511703329183007
1622 0.23758618031495926
2818 0.8324878419771552
3090 0.9480178403877846
3228 0.8040821560635808
3148 0.5024108425888669
2561 0.386864922661841
1919 0.5871409091566808
3378 0.7751302057745991
28 0.5392032658268329
1935 0.9470537143082466
1870 0.4114249183523574
2809 0.4929665116942026
958 0.21837847342395889
633 0.10626509808618478
2312 0.952089559915527
2245 0.16845205026707144
2113 0.7990416030662881
3105 0.8852257327381454
3196 0.7474926318966624
106 0.19772391460913774
3785 0.3227064151334357
3664 0.6795093690586007
2689 0.16896656900400708
3855 0.7038342747779751
3338 0.268413031931369
3183 0.8359206082947912
2137 0.6706670202744607
3447 0.0708598648361437
435 0.14237133771000365
274 0.7393088106554051
1293 0.33626694279178904
2710 0.5710989772611882
3511 0.1449823718017459
3345 0.1124796232737314
3796 0.3306809098851411
699 0.8978858320339933
2008 0.3090675761534619
3873 0.08441035290666621
3885 0.8816060632665798
1459 0.659717487106339
3013 0.5353614271438569
3132 0.46576467727883397
1288 0.7135176707546964
3579 0.6658016389557659
1642 0.7648002171479813
891 0.5857408378137896
2679 0.4358585994835317
3172 0.1387979005285832
3552 0.12186564810411527
1079 0.9905771544618531
2889 0.24751416228860412
3474 0.8274397535966299
3576 0.23921928857624375
1209 0.2815770662508056
1095 0.46126452202184864
3921 0.35988749076506055
2300 0.13108960883690146
88 0.3793056410627753
805 0.7747591549092289
3762 0.07807750143291536
3717 0.9213506874885781
3257 0.5406479178679962
817 0.9186588889034638
3466 0.023996445931732557
1576 0.45195755944631255
319 0.5267090625199663
767 0.2979431900901114
3317 0.7107237344252066
1253 0.298380365039034
3010 0.42207492886501163
2161 0.5089811512819622
3156 0.8042489589859138
3931 9.053707505779496E-4
3053 0.7397411574933358
1448 0.16281672419330517
1473 0.8664859458405109
1802 0.38414809691052865
913 0.6110573734992092
1771 0.27422068460952287
3927 0.8655679810871629
175 0.6818500457917287
1818 0.05632288042128297
396 0.5864119896309031
497 0.24642422600520064
2170 0.8100068436509433
2256 0.5592084204608804
3832 0.5929545841626966
418 0.9727999235721707
2295 0.5386030502442044
1141 0.4269686723063808
238 0.6911856497249149
3690 0.10129835351759264
3012 0.5007041113986924
18 0.708448149210778
20 0.855633916544734
3719 0.12868567199037328
1495 0.9473838815141424
268 0.7631730497895325
2548 0.4552378372488288
2907 0.5656142009650228
3481 0.9079416526957698
2149 0.9273602283796077
1899 0.35477478642024374
1618 0.9330839217444458
1722 0.9470897785057487
3536 0.10646369807671618
504 0.2387643475512149
2918 0.6523755634097627
614 0.024269418677893673
1904 0.5389180189731532
3062 0.17521043245163925
2449 0.10485319133182491
1153 0.0549781632098465
471 0.4220272421065685
627 0.7968977476080563
3799 0.4749479537670902
2606 0.6499705121216883
3438 0.5684866288112186
3996 0.11956073404489498
3283 0.8577988580075425
86 0.16541794705899993
60 0.7708141422932471
1381 0.9390940452442967
3121 0.5124404360869548
1715 0.6355928216705254
1462 0.09100710562715042
391 0.9540750374002654
2447 0.07209135579768045
3675 0.3793657940154118
2538 0.8640288072764328
3752 0.24522101514741634
638 0.985011750289906
2301 0.07278413887302715
2575 0.8062690195846409
349 0.510004853838842
3646 0.45256175402385845
426 0.8622239278214063
36 0.25391106453910894
1206 0.498504371428108
2883 0.6555069558309197
3046 0.6560865054110793
2290 0.22117758538567245
358 0.425662733781373
978 0.11528120644535533
45 0.07773534441069796
924 0.6647156699208452
2446 0.7454881590223493
3151 0.6238310192051437
2558 0.6883465847007764
4012 0.06792182059546303
3797 0.5643232211497103
2095 0.29383000489153466
3841 0.9955730392620007
1457 0.21779551259948393
1322 0.14316547173355454
1616 0.9304653269000387
148 0.45239761897863184
853 0.8369496891925987
2662 0.39312243743646647
940 0.1066632564823976
2890 0.12027917774840224
3244 0.5546953381299894
1781 0.0034360107701331133
2509 0.03553364556548089
3758 0.9216699672221506
3346 0.5536566599149862
2058 0.8581124609835663
3955 0.5769786128361306
3906 0.43921075120883235
281 0.11216178767438822
3770 0.6950462413998522
128 0.4898235035557248
2203 0.03238594147929075
1861 0.17769394878477718
3035 0.5406266856368301
1285 0.3464930033062449
3707 0.6371477585537605
560 0.05297624073543361
3415 0.31316908625942264
210 0.3641695230653733
1701 0.9899953185577223
2196 0.25380259971141506
2658 0.1301125403841078
1301 0.7745340316151732
1841 0.17522022516345148
2453 0.6065167736179847
2860 0.2767787564785136
642 0.2536047887719587
1530 0.33250802695937043
1201 0.6930796949076997
3933 0.4985876870888748
3366 0.36385274205776186
3405 0.0818103149577527
2722 0.8229551919395102
1517 0.263977264275844
2788 0.9226864469311586
2795 0.7233797676129645
960 0.8135828713697602
1663 0.9118760257727478
3184 0.7045638691269399
3887 0.5530859144509667
580 0.9949957101840282
3162 0.14542908990448533
3994 0.9084019561133774
778 0.696607433368527
3223 0.019179695926152096
1426 0.16277970651521578
1786 0.3776195093252024
3371 0.7108216242958164
2242 0.25106127387379606
3209 0.82605961528145
3871 0.6470621462748104
373 0.8266899293443323
369 0.7455476355227174
2073 0.6613435295781076
2436 0.5092231411274724
1840 0.11516367869109001
3837 0.07383401539667322
3255 0.15517435597224327
3547 0.9415873061860495
3325 0.04611129634317257
2304 0.552231287007127
2051 0.7673676273492902
2062 0.9175894177689204
3404 0.8799950783342586
3753 0.7480558316128918
2785 0.31515453681022976
17 0.8355926421758602
3577 0.083001657472074
2331 0.48966313207097145
3651 0.9003253387043382
3015 0.04345668117504753
3788 0.48855686869778714
2616 0.9914955519274159
2234 0.3488858416558138
2362 0.21067918665215724
2863 0.2416330466444928
512 0.12005353538958208
2632 0.21184167019177047
1889 0.1057580910941841
77 0.6569821398830766
775 0.2729888116114947
3683 0.7360761135432855
3063 0.6733367452269707
366 0.9984057508578427
1971 0.8210571084342146
3693 0.8558894111027867
2036 0.1738576844503662
1058 0.8433988958975928
1908 0.5714569873008807
2163 0.17861860475233216
3171 0.547864685235944
3385 0.13598153202138963
1654 0.251120702511366
1475 0.1418585725025806
3636 0.09775754954938087
434 0.25025785551906
3472 0.5798113020037378
2250 0.005156813822386641
3092 0.041717072522772236
2540 0.3882203362534221
1062 0.1054202950648826
2874 0.1056555988859752
96 0.48768266112393965
698 0.4175418764846591
2857 0.6076485086997752
3556 0.8550071886718499
1823 0.8996785776773117
1801 0.8185762082222209
1551 0.541292025345053
3807 0.2839888197465793
1316 0.18444913616768266
2804 0.7545127000906566
1873 0.6866442971165344
2756 0.551596246930417
1006 0.1132769060891261
1579 0.40460913020844613
263 0.9020644274135072
2845 0.7269959713240213
1477 0.9120225981049982
885 0.6076517004898261
3348 0.6325507061044955
1563 0.325567669940228
3347 0.5018385529848131
2370 0.5512687344314644
3886 0.6181976604804941
3527 0.5343702930713624
1025 0.05367277432481321
3593 0.7124507157516985
2879 0.06770378305447688
2798 0.7977164505252952
72 0.23159367506377948
2836 0.5056061985352994
3505 0.41463618104633626
1671 0.4501415729996292
2009 0.7431303366225038
2856 0.1267091606852626
3730 0.6579477653284151
3891 0.38190579254595736
3665 0.5892366638339708
652 0.895570727262147
2088 0.20328099211975925
2748 0.3012679684387334
1709 0.7121525938658202
76 0.9929938188641192
1192 0.06788201769641844
847 0.01812311963149893
2420 0.5763484730325439
902 0.8655467141423001
3695 0.28948772772037556
3411 0.31519538615365106
1918 0.585904128385362
1693 0.7279174467984844
507 0.3883369336959539
2271 0.39583159891283715
181 0.14108702446266874
571 0.5312878148650696
124 0.7714970134118311
984 0.6015401216952591
1340 0.5675585607224038
3243 0.4858924163306919
2286 0.03998511686244943
3413 0.07777327637809517
1420 0.11355188619247891
1585 0.7269043018310315
3821 0.2617031301048913
8 0.3330515046717992
3249 0.7035277055979612
3585 0.9950158634747165
3888 0.40699411680239594
372 0.18438011791425835
3964 0.1612297039095486
3340 0.2665599091984414
2197 0.3086671909089782
3824 0.4110104956895261
600 0.17072460920970112
2774 0.11274224940140332
2374 0.7046267901890717
937 0.5489492389222422
1178 0.330926124891501
2582 0.19353430695615015
2780 0.1487814021638193
2633 0.6502205420642534
1171 0.2772662762351712
910 0.6989998688451492
2441 0.834695822422293
798 0.503738430304057
3185 0.9935910902668954
279 0.7393077039085046
2835 0.6664902980547511
2760 0.768746988229645
2654 0.11802282251711016
1007 0.6544074873052048
3011 0.23277842787825131
773 0.7071385840843624
1266 0.2584433020822252
1727 0.9653235318400524
3057 0.6919754826904406
3021 0.717561325592223
1766 0.07641891396337974
726 0.22124720273308707
3104 0.961097429214713
2490 0.6720787762878095
1298 0.17280021185795036
1258 0.3100855691845027
3975 0.015209821200625862
2257 0.13524639149442164
1346 0.6138940115704418
3226 0.8948500632565591
1874 0.550975396759315
613 0.9058206922908498
608 0.27402000025107043
606 0.5142460748639521
1184 0.745287680787868
3553 0.9629188988932107
943 0.03842735015814669
678 0.5430503950706362
2859 0.3487674300480438
2429 0.8212982491269557
190 0.3099614251205839
763 0.6463404487072207
3458 0.8939372750496243
2128 0.5045255032731634
872 0.1935344463962393
1396 0.5813652900896875
3775 0.36917958291659503
378 0.8301592266238031
1233 0.1943681640755318
2551 0.20182554790685037
1653 0.31212125801921653
26 0.4676686319392982
3648 0.25914069863189837
2637 0.3015554831625752
3629 0.9098783279471884
1534 0.277664381871751
1023 0.5135835064502314
757 0.4980772131765149
1856 0.3586321055297451
2001 0.7701183939672823
1737 0.10573889645045853
3099 0.70122368846529
1089 0.43129821813572533
2146 0.12960111967248733
3386 0.15100213254510453
3563 0.8380035156702046
3639 0.9295882589861677
2757 0.14716669909877556
294 0.8932366420628851
188 0.41210698995147355
3087 0.45555331294522017
2640 0.5713672605224024
2296 0.8456647233189987
3312 0.16493015004286393
3557 0.7277375169955309
634 0.8449800007170497
911 0.8558998979551224
3261 0.5747190798038047
2479 0.4883588933110402
2727 0.9293816435034334
273 0.7514019819092136
3327 0.18141398552494448
3187 0.9004736722923128
3972 0.935106753937762
2478 0.4647989534655308
2241 0.7569991260311554
3645 0.21786968096439652
921 0.5749776793306456
1342 0.31293432425519097
1183 0.15464089491674893
1948 0.42547285705712456
232 0.03529593689479038
1378 0.4091632258912067
3329 0.26462296629694604
899 0.4943408407704635
3852 0.7209358235194933
1267 0.02533314219924665
1387 0.8810645513778614
3881 0.8728557654290837
1811 0.4717828976193632
2380 0.08805089821675938
895 0.44063331226605607
2505 0.8445180485027931
3694 0.27081176292485976
1832 0.8932503359245583
258 0.5329422011588315
2311 0.4227819853421063
1367 0.16819861382206935
2179 0.5537397271099515
2966 0.8020450713376545
361 0.524662582375435
3956 0.13121600994333804
1303 0.6563221308624964
484 0.3594233794440884
550 0.26738269044181895
3194 0.7962588440428207
1392 0.09824537345506534
881 0.1110818516531169
3460 0.3661181752398468
609 0.647201600773303
762 0.09715337674061175
3181 0.4648484640723449
3798 0.7759380359720464
1166 0.973389384138222
130 0.9243733431992428
641 0.7287002266329691
860 0.9173255336139414
1547 0.07091580809107434
1434 0.9982887238829784
1685 0.13691266922501844
1625 0.0522053529253832
1591 0.542443363679036
4022 0.5927108833320779
1415 0.8480578472837675
1449 0.6361908059649372
990 0.22367233356972305
1358 0.5645769116871069
2145 0.4473521428809285
3625 0.7628044917973855
3509 0.21866731031726083
1535 0.18596522624751788
2144 0.4555814793399562
2316 0.13671431619529284
38 0.7616001960726244
2877 0.3773342738164833
1644 0.09780832892134395
2714 0.36556653689876173
2430 0.13907193904724846
3262 0.382054013218289
2209 0.117291582472832
1812 0.7437858969074571
2531 0.7050253711663781
2751 0.19671380679166117
1045 0.7335265796808063
2908 0.11675229471916215
1274 0.09936386542916031
2989 0.8773545211998997
681 0.938039367070628
1822 0.8600528329229081
3277 0.14174185227061364
1639 0.1786862417950843
2274 0.1975458280283109
1695 0.4860462930092082
3122 0.5135947882950547
1860 0.851517993081017
2981 0.29131281916197505
1875 0.8987669507968914
3657 0.2643278687143381
3907 0.32303887777670226
3698 0.44803496949814947
2895 0.8582334018795176
1980 0.3816840206309371
1224 0.4152548834839851
3523 0.16726760663501083
898 0.7865169169583943
1969 0.1516638639611172
296 0.21879907016097444
1773 0.11143248788351068
1026 0.6504634187025936
229 0.7999709812102922
953 0.23249771511304962
783 0.2366396329958783
3442 0.2897518555336722
3297 0.9548084982639692
3899 0.4034879618789683
2500 0.8940456975184609
1507 0.22401054185182168
2870 0.799953562925334
2651 0.75834761852438
2496 0.9781948910485604
2580 0.6690031009915042
2611 0.3973885563059464
2407 0.902611269069762
655 0.3247656811759867
1629 0.21943351464769456
3924 0.5503689084351042
997 0.7842107660277159
2085 0.46737334548689236
248 0.4147096080726257
852 0.7506595083750202
2408 0.7657930136486618
3163 0.551553946630432
1064 0.19404311867635227
3958 0.2077726506376869
178 0.23153097375940168
1397 0.6737829214637914
167 0.06855372238280932
1504 0.6933925981786662
3965 0.6659586649091577
3241 0.1643576780241347
1944 0.6905829245104252
3765 0.9507729474199953
3756 0.38552485399999437
3127 0.36519972463151573
756 0.38421360152184003
3928 0.7167448705706362
1508 0.8779736941148327
3038 0.26710926981047023
1090 0.11602956921533569
1051 0.9830756289627169
1844 0.010325545907045375
2106 0.9657309347964445
2702 0.33143814821225015
2925 0.9842684220772481
1122 0.20314413090802363
1411 0.27146649042188464
2309 0.059419176476203206
1539 0.5404964517777479
1692 0.036941458890305645
2939 0.9657965061327677
3544 0.6973511103785088
227 0.8072148926149085
1351 0.6559849988315763
3276 0.13494982025189073
2336 0.9276056746384455
2754 0.18709709813066777
244 0.7654361685586667
669 0.7315860788456783
1960 0.28889035120156314
684 0.1452918463646481
2423 0.9796632560433964
2684 0.016132960922324968
101 0.027857606145482272
2826 0.9356008479703607
3637 0.7727357579050521
1388 0.8116470489639385
3833 0.9902887727360721
134 0.7930268739308686
970 0.30652118557536523
3427 0.5695426059394211
2097 0.4761995040415956
3688 0.9772442714456904
383 0.9674698554172833
3944 0.08826041721924871
2489 0.17950273965303642
3567 0.16189592218905247
459 0.5300865557425152
1327 0.35292429672444325
3377 0.5604041980553575
202 0.05622121930862223
278 0.4832526702317135
495 0.3712603711428767
1627 0.2574947176631671
341 0.8183721235338883
1543 0.2049760240452585
1188 0.06952991023005284
2590 0.4365422376903877
1323 0.7738754518331219
718 0.35181007485197857
3292 0.2819539754678082
41 0.2942761147447235
409 0.18805110194133878
980 0.04109769538863073
2056 0.6180836393810534
1094 0.287994668178981
2687 0.3577978482730939
2014 0.1473593559246239
2680 0.5247973049464939
1974 0.04561658524574941
2284 0.0860093181287499
3044 0.3085592707084388
1395 0.17308218391404218
213 0.325835473385239
2521 0.6809848876659794
2201 0.04364733341666682
2050 0.8944840444951627
3430 0.8443261202605651
3526 0.9835515578863981
877 0.7196881364125304
1140 0.7680859607005492
3647 0.2594898693591785
3182 0.566214231246567
1118 0.9750537741606604
2365 0.6161030472369676
3656 0.1200160725917333
1333 0.17150383529193058
1975 0.604569316637015
1684 0.10465702877644922
1134 0.11657472537555091
328 0.6607938961119597
1360 0.8431657926617359
3344 0.8660208828055183
1263 0.5512456259618735
3232 0.23020786703515705
800 0.4465079740017779
2204 0.559600351897713
2212 0.5408273930163933
1223 0.416841260184186
407 0.9602296659432902
927 0.5711458292281603
1751 0.10395950660925357
802 0.466373650334974
2237 0.09382220950176501
4013 0.6131645036272164
3426 0.9470291232734945
765 0.9622480528352686
50 0.17088649293327474
2522 0.8342294078057827
1082 0.46012366299837026
2619 0.22694589089394324
3361 0.21437295897708908
133 0.17085820680467623
2954 0.16182938948270265
3768 0.8974876531776277
951 0.3435976259788518
3909 0.5828618323521259
596 0.590464838439319
2635 0.25014122315423915
3626 0.8092367591501759
1648 0.501538655942236
1655 0.429377378022643
1783 0.30342087273637397
422 0.1731664465524062
3432 0.28981744985763014
2190 0.4752203823675526
3995 0.46381181283829476
3166 0.8519278751991973
374 0.7644281410576429
1194 0.9106667634240962
3265 0.49525665626507565
2253 0.485762479791905
3677 0.8624065662925399
3419 0.22680475406905287
3233 0.8912918891570895
1302 0.3695760769460703
2530 0.3477152865659887
1805 0.055500141581316775
2465 0.3078235868489121
2289 0.48785424857523674
3107 0.048489965582299455
2118 0.11829841640200178
4019 0.5748836236838537
2681 0.5324661011428538
3951 0.49139668613447496
1761 0.47597942397605275
2191 0.9473089643329271
2458 0.6504570182337173
2134 0.9568121652926704
3751 0.27166616189584325
451 0.6771381954709773
454 0.5683453030016576
3455 0.9170159549263335
2002 0.20042830583522897
2354 0.6946211718559372
3589 0.17010181025265214
3621 0.5393097692116698
752 0.009610352711987624
2573 0.17008872017821874
3875 0.5679054822978336
2422 0.4369555703564284
464 0.4366530291766688
1925 0.9955319281644572
14 0.1979317839100776
1721 0.13305122113607826
1338 0.12496584117556297
1494 0.7725908157347742
3229 0.4978454542467863
2405 0.7659384110259636
2869 0.2234479038411008
2078 0.7227546694784197
195 0.27833237165215086
215 0.409464223192072
226 0.5715426111560143
318 0.045927713271304405
1128 0.9879203132312717
2892 0.0073950429616538305
228 0.5992516808049585
2949 0.6451149954813767
3518 0.6885013044092143
1282 0.32850674301811544
2010 0.3303223631135703
3423 0.8078353952718345
967 0.7083837286115234
1304 0.5373528805158226
3240 0.16686100990422104
3306 0.388969832988895
992 0.6203648157934579
3303 0.9454384468343764
3998 0.4549154481678247
403 0.2751046473298818
1973 0.404229734785133
815 0.258503621230073
799 0.18310721782483252
637 0.4270313487253794
758 0.3962464072513632
2838 0.1678482964622836
3282 0.5501842324444259
2108 0.5949159152406609
1029 0.902639900243612
1386 0.4471051043707336
599 0.5524029588649141
2605 0.8797518400799419
2116 0.15969412783572567
3831 0.8105946630307503
2963 0.18793924490205438
2159 0.6750633397236593
3896 0.6600423899466226
1731 0.6653739551858273
784 0.3530644602342472
1689 0.16442594074535632
2330 0.7328729220337937
2487 0.5463145820517762
3747 0.013614361259034369
1961 0.4732241659812376
1942 0.6651890814322884
1714 0.4620251720423424
918 0.7753159814514644
4036 0.777166422264779
1125 0.5819281706796754
1970 0.5991577351921471
387 0.5478271313526027
292 0.15542996744277238
1049 0.7646570627200572
1592 0.8336149514383286
1383 0.5998827982002952
1399 0.742909622916472
1262 0.08172655370445414
754 0.2794020888977524
3123 0.9367307484193398
2164 0.7838955009203858
1597 0.7271805904681398
127 0.669342945301502
1945 0.5960786820047917
2634 0.5186071202373358
252 0.5213807397317783
827 0.7066069763629136
2604 0.1550637005745581
1020 0.4443620274065525
251 0.6132199332995458
1509 0.6519702530194607
9 0.4682941935354612
3251 0.3847595370544561
2822 0.5419639940194615
3294 0.3189600836146659
651 0.4158033720111579
2011 0.973110803980916
1359 0.2661732607151265
3031 0.33750948417422744
1229 0.22979228989745204
3679 0.6104489259621191
3834 0.9478208297752475
470 0.016474416777032208
3740 0.7903300588788384
3484 0.6938033947920939
1854 0.9916378311442908
3284 0.3863428442489324
1843 0.13271713902962845
2101 0.9270259275873031
3845 0.08288036804198406
2649 0.03569183794509867
1699 0.29300731718688466
3434 0.8243047971544457
1142 0.7411268109151605
1437 0.16842491455547925
804 0.5332227086209044
869 0.09560800602007036
3049 0.21337810649726352
3761 0.9035489412601286
2768 0.9340852045489674
4028 0.46364574015293825
2746 0.3666478212326366
3999 0.2152259519911377
1774 0.3206271046290571
3641 0.6035449642024475
2147 0.6083928443191633
3616 0.06806207268236031
2141 0.4948323405637578
174 0.31928047217104905
1424 0.7625495971002063
2459 0.2410723873234859
499 0.789499115049686
3986 0.775007886190025
3491 0.25960467952997923
1100 0.053487063887048936
3364 0.028803489210823652
3863 0.5847960892610402
3966 0.9610430266373187
1518 0.7065402805564225
2844 0.08358310538388569
2306 0.8308580145536699
3017 0.43168052049578265
2378 0.23761071474839857
672 0.3431483868899333
682 0.6282299070360542
1826 0.49780255984738586
1682 0.14655844932957074
683 0.5904686096935946
2956 0.6829516129780339
2694 0.48469319935704624
2544 0.5988296320898461
2980 0.9638684971314934
1602 0.40115083114581895
2364 0.6140547097736528
2091 0.7358773045752801
3749 0.9159106370333152
2071 0.4980370317516063
3534 0.6599806067164272
400 0.030672885470635958
1149 0.33892763167308215
1065 0.7286612811694777
764 0.11155940412999543
334 0.8145594909873577
2020 0.3167072979174884
1200 0.31640046578925285
1470 0.77085098751302
2770 0.07142500410856345
3794 0.283122992269936
1605 0.8904757049437165
890 0.9268906942770535
2067 0.34614901472624393
3211 0.7210406737546718
1538 0.260416272704698
1245 0.9895407503539386
1762 0.14650502320018366
1235 0.9186225654837685
33 0.15323202209286846
23 0.7414230937208168
1221 0.5311745908363206
3131 0.7151874072479321
1659 0.11815866094885807
1979 0.1718307290668658
1624 0.6712583645086847
3515 0.6150753279602346
2992 0.1641922349448427
3 0.19342974753026942
662 0.04864384064599625
2210 0.12550510805595738
1498 0.33723022065071395
3266 0.4107277479333291
3189 0.611817445745238
271 0.6832004701108977
1743 0.36648841893968864
312 0.5086985334878547
1888 0.6481844814081941
2019 0.07460091015326642
2107 0.7139644871562382
936 0.760617049386731
2564 0.35168734912860655
1982 0.8257619094455002
557 0.846070397769867
158 0.6160726167443321
750 0.06548868396646834
2012 0.6405883869427301
2291 0.3131577938352287
2959 0.3232924132831514
121 0.9617130322446933
1167 0.5998341152058799
1177 0.27051133771078195
1967 0.0643215215388866
3754 0.4837169120677286
1884 0.498339138207041
64 0.40348758179982336
3388 0.1372696978923018
973 0.22108385279726295
3365 0.39426602963739255
3867 0.8298274546219343
3217 0.30674899588689997
2393 0.013517486162025194
285 0.1716352624029266
843 0.44377272857835015
1735 0.5617906838707155
2988 0.9870322405488092
1728 0.6762486232614457
1185 0.33946819473712275
569 0.1699439637642448
629 0.9143181331563071
508 0.775128857021387
640 0.40523250459474314
2136 0.09692270549539328
2236 0.7608821762840927
1435 0.5108929514413902
3492 0.9156330305699886
2467 0.5730808481410911
714 0.5295457724131903
1463 0.3750150212880762
1516 0.9649003676976932
3254 0.8311610621786966
663 0.5481042589412545
2026 0.6077246295849842
3595 0.8830712107015866
3222 0.814175313524926
2324 0.15843070260409864
1257 0.3473244368718802
2127 0.3553486010927307
3617 0.9579399255107068
116 0.3600332666121927
1151 0.39800110998793814
27 0.8255205973256999
2435 0.9897020317407419
1366 0.3370516110711662
2855 0.3627417848089739
3080 0.9058804892091521
3033 0.05245825056210496
4023 0.9549045231705285
1914 0.8967578192227876
1620 0.9389419973738067
3686 0.36398031844241796
257 0.2512774883508814
1777 0.8768563946853776
3375 0.560345910195116
1047 0.050226876080366245
2168 0.6658654456154266
1581 0.3534897849467604
751 0.09770505404018781
1248 0.7547341770280257
534 0.2542627577551504
1938 0.25475112351497153
4010 0.9067365999885643
1503 0.11874303173968126
71 0.4136184125262431
2914 0.9453744757567579
2356 0.29388218648547426
1127 0.25123291782804746
3468 0.7111519485319183
311 0.9088360615216675
933 0.5037177042647746
1740 0.8636986382430751
1706 0.2513511871552344
729 0.01694275863660155
3314 0.3598065625827346
1923 0.8314186135677573
3498 0.6436500511376755
3174 0.07883293560282434
1318 0.5392513144146547
1793 0.5611283874691364
2160 0.039611236718975484
3354 0.6201034815578251
2434 0.13405052542917506
3662 0.694426491917528
3726 0.8971147564841138
2310 0.13281666612157583
1027 0.1064688646249059
3311 0.35690420452866545
3842 0.09878018886630291
2000 0.3584285485262607
3766 0.48098071925787567
3205 0.3749048316061192
2943 0.8028271274731954
1307 0.5182205065987036
59 0.6319480340601001
2299 0.624981952263784
3530 0.9368044763107874
411 0.7896044342199552
3129 0.8240460598011519
1315 0.9555402915473528
1408 0.5580964650986437
1600 0.7417104843442409
1611 0.24155083005212452
1541 0.9258069875053949
31 0.3998387905851607
841 0.8899564765194419
2156 0.10295493630099561
1934 0.9441950531907197
2100 0.7968562229019209
630 0.006836011183699586
3619 0.0989789358812917
661 0.2562846009848896
556 0.8434582096411878
1937 0.3349521399450651
476 0.3148977082617995
647 0.6320621451305797
29 0.07340659049967324
2375 0.38836237486852265
2759 0.0022025296679923922
894 0.5327215702363796
161 0.1720954935925385
1817 0.59958946164251
2523 0.049971040603011385
1879 0.9992449800072045
1101 0.23196045840967616
963 0.672191913270429
322 0.772919082642282
313 0.4981453565742512
2499 0.8443598231060834
3078 0.13257720820736496
3687 0.6809599540424067
1078 0.48416745038259146
2473 0.8846488840811598
2169 0.23977947019054735
760 0.2241978441213791
1129 0.4954067209969032
519 0.1918928861432987
2182 0.10821260481257877
337 0.11763418652169022
1484 0.18322094890042107
1529 0.4706421380571979
3309 0.6259490168393874
2585 0.7414669759478824
3663 0.7974725508717858
3221 0.6494190569437848
2546 0.5098630680720923
2474 0.2857148542638246
371 0.29705430923579657
3803 0.6190429046604538
3609 0.6290172091819032
1269 0.7619990213669428
2936 0.43631466480202297
2773 0.7436456102054854
1578 0.5489583479968922
2667 0.7406679263174097
3786 0.8899132343098176
2516 0.7882075149642945
1814 0.10213047463105174
3897 0.6880511719062989
575 0.7218012012652187
3943 0.9386691704612279
1776 0.6733990410901878
1057 0.07648034471531784
2532 0.27843506671359397
1767 0.40415176408882314
3094 0.8047215696474549
2630 0.01881660583327649
3618 0.8919966191950521
2484 0.685544883498556
1662 0.6692878277838916
2445 0.03957565428019716
1074 0.6163056391801042
1371 0.9706975258599645
80 0.9429921942779886
2526 0.736343175488147
1048 0.5862766404247791
65 0.27367441296492756
865 0.6098898358473652
35 0.5080246985325666
352 0.4911839482897965
1056 0.874016158077615
2614 0.2783275232345197
1349 0.23057548609994882
270 0.08266451234053318
1936 0.3316689435314435
998 0.6557282520026099
1341 0.7462081935800498
2962 0.6003013221931136
90 0.8542252020036307
2171 0.9325493811066461
3584 0.29867679984635553
3950 0.4907944512769662
1197 0.07534373334143707
339 0.959721233199573
3407 0.5950872207312089
1114 0.8211410416026722
1705 0.36669464498714766
3622 0.2689137648474682
2358 0.0037871132375022487
253 0.341909084587377
1173 0.6505000022363167
1542 0.18126687308510514
1897 0.5082376823027287
2813 0.24360483896912166
424 0.30571882515491644
1497 0.4777595081814727
1747 0.4283733572976136
2477 0.2672965805575145
200 0.16815085494718407
1440 0.36318191004078626
2984 0.593805394662757
2663 0.9800724958637342
3198 0.8132102396335605
142 0.7457137985241369
3745 0.6073281803830538
2947 0.7065740978306873
1577 0.27984724181146015
3224 0.17540090997141566
3800 0.07253767671463995
1640 0.8197605686009771
3152 0.14507175991453825
1990 0.1373613336117543
250 0.17597356858444846
1456 0.8372236979987855
1019 0.3907602911245883
1617 0.7793417368792541
2728 0.8120479961051508
2942 0.04378699111534312
2379 0.8179031209479446
1892 0.5682829997944431
1240 0.5181254282753691
780 0.16678682403562206
1819 0.8581762168517253
3813 0.8168439326471022
308 0.8474695835155105
87 0.9673471753437565
287 0.5086982993346408
3115 0.49837033019961685
2243 0.4493754230081348
455 0.47912389800913213
1215 0.7730600538531028
1138 0.2775860947367881
2139 0.04865468907801096
3840 0.025408425183056638
3883 0.4301896844557531
2172 0.22432228782055064
3200 0.7207465692988316
691 0.07614489487968046
2779 0.17234450630435638
2153 0.24888838893840848
3335 0.3440752497155076
607 0.4683285152418747
2105 0.15449576966773526
2046 0.9002302219553907
1038 0.8778783098073993
2765 0.5064175873820437
2406 0.7796001987184076
748 0.8018066658565055
901 0.1615817085018164
1764 0.9838048853779546
746 0.10772787252126637
2042 0.6651576995134318
2553 0.2608978441263663
938 0.22205923684193252
1331 0.6217434140845193
2970 0.5174243555214286
2007 0.9961758069943469
1256 0.8115606971210092
2277 0.2082130507164328
3632 0.5066209180529805
3862 0.1801335772451148
1384 0.8553185515844911
61 0.11943783949910958
747 0.4072482437336131
3947 0.2649539053724914
1236 0.1671738527948713
97 0.3709886258949182
2024 0.7388765138263365
2990 0.5528273243422273
3689 0.05625342701531699
48 0.4988462026382684
2996 0.23161463980515118
3627 0.859376867399939
803 0.04145542460470719
2903 0.8512251616066852
3003 0.224922583454919
3483 0.5360010798187277
3188 0.0829114752959541
448 0.6223884163041082
3028 0.47001195735000245
392 0.05502298308804787
3954 0.6917836168547966
2771 0.6492337620372881
3948 0.7211194121351069
3671 0.9406349221695478
979 0.5854190896624
478 0.5861623304617322
776 0.44722609112734757
3691 0.6889798841220586
932 0.3917995371992893
386 0.44971417275485326
1921 0.973336017570459
2313 0.46231224258564085
1260 0.27538547761387566
2596 0.6816831651065658
180 0.36921472334814154
1868 0.765032021784829
1734 0.2558710416524762
1645 0.8178999002401504
2389 0.44352892057449944
996 0.013488369695170976
1355 0.4220278178023301
3433 0.5695981778642539
1976 0.27261705420808025
24 0.8967997145939385
3465 0.2047308771069205
3389 0.6252563769733793
303 0.7956592291879935
146 0.6925391881181369
1329 0.36642402700399257
1073 0.7630327216192543
2510 0.14180482928671478
201 0.2489861789246478
703 0.38869546804237254
934 0.9273888582276716
2715 0.5198543056938643
3023 0.1747455624725346
2848 0.495299046134286
3532 0.7682237468854283
1570 0.697381300136958
3409 0.8868886019886284
2231 0.6348703700081386
576 0.7668157122644802
1162 0.32372037904515993
3382 0.5603702166604835
3935 0.36575113913799373
810 0.4800972543920521
712 0.6100339981553006
3822 0.6943297672984946
2371 0.7347489675298254
2931 0.6232640806535036
3480 0.1697123497374804
1601 0.9649830812380954
2471 0.9223244042886377
3052 0.6804458643572537
3718 0.14364798040872062
781 0.2701661951305043
1882 0.6386103421655828
2778 0.48414336924663814
3502 0.08746678456282175
719 0.387191423421385
2973 0.9978336862551542
2254 0.7363625981403681
2659 0.4815854051568629
22 0.4635293900718489
3258 0.8731227766040577
3420 0.7578535092757038
255 0.14000474315702194
2853 0.6389310482034836
3839 0.5393482151296964
1261 0.8465874783294711
1838 0.24003795418444185
3208 0.4579560017027038
3812 0.7485590812995022
515 0.5025837843795641
2882 0.17271036672253814
731 0.3734747137720993
3358 0.25074013842290876
1910 0.4334227076794578
2337 0.9223582204527631
2617 0.5645636022581725
136 0.1720299636670901
590 0.6932585893356779
3111 0.2239915653649358
2061 0.49631417636235775
2685 0.5932042498687591
2372 0.5278732341226007
2392 0.3182763472173199
1241 0.13442799907900171
81 0.13314172319143114
962 0.4992866688103459
2805 0.7265292336137196
1010 0.49407194067873983
2597 0.33515529711211123
3771 0.24566842501405195
427 0.10190822338487593
884 0.25031853982704066
1402 0.1784844552184358
246 0.7957694940975323
2911 0.8780209207839542
1615 0.4665990788671859
1059 0.09290876233919232
1829 0.7018214268662263
3741 0.13246134989363423
3289 0.10794748473651672
3990 0.4413572479491946
1195 0.38082558693084323
3866 0.810325527310336
1198 0.8974153804355993
2421 0.5535516841886512
1901 0.9613824329234272
78 0.21154476384629184
144 0.24688992622884132
736 0.04313619032757621
1317 0.6216867389111901
494 0.43591500586422605
2708 0.447647875728853
2403 0.3214097204771672
3056 0.8740419356417555
187 0.3009892320371287
1433 0.04133021840330853
1903 0.9326918914070466
3953 0.5022224513469766
3150 0.10053954152776101
3780 0.3086243902373018
1264 0.5795166400976947
1758 0.8902404471959823
2155 0.45508388453609006
774 0.11079140418198141
2940 0.48026255985640953
73 0.29454892402894917
3610 0.42101230159425973
665 0.8982779115745843
2492 0.007492406371400029
1428 0.20644071292436095
3744 0.971135686235529
1374 0.5610038186879667
164 0.3921887108906227
237 0.3273785675592633
438 0.937020087708009
794 0.9365183891508156
1368 0.6472362562782152
143 0.8372187741731912
595 0.5122578052638586
579 0.21506899155692183
1574 0.7629161825857382
2686 0.5737667775388356
2563 0.4558661224736804
389 0.18472796444379003
2735 0.6578410496057704
3603 0.46183028543171956
1210 0.20629335812816385
2991 0.2450753471359628
3574 0.33067334259960834
2953 0.030911639758732123
2782 0.21905113188510694
3604 0.3845360209262959
1146 0.15113500186898865
474 0.1429079281291279
2545 0.974780538335964
650 0.8643217582145896
437 0.253228817080117
2753 0.11466341645836842
2905 0.26959926117747546
2173 0.18103037192713
2636 0.5492570228860413
1896 0.26494664635916043
2565 0.5958656307099136
1700 0.9903052361749606
3587 0.9701361815761215
3777 0.5413993710375674
89 0.6490346054730536
402 0.06556055080081868
2729 0.15567209523791126
241 0.29023262886052803
597 0.2550698659915679
1704 0.03862899947064946
3101 0.9678715508520949
481 0.41992093774744
1951 0.30291507908902116
2491 0.6232897973551127
4030 0.8810329070466836
3268 0.17987236763786707
1174 0.5878166999043918
3514 0.25798737468456723
277 0.5142706489826834
1447 0.526028920407004
737 0.8238295464385583
333 0.6206516825595252
1775 0.3152937337155537
2098 0.5775781124321638
1806 0.4676254638215527
3114 0.26638334739209035
845 0.6786712742764294
1931 0.982433152975803
2755 0.410764647821115
2221 0.7178678984287518
916 0.5874832077487689
3246 0.10386588006206976
2738 0.0438778594499708
561 0.6987354927515592
3212 0.20416779255893613
2950 0.8166529542299513
3157 0.6737474590998512
1864 0.8416833264675957
284 0.7045418446346216
1956 0.35832243470256386
2093 0.7830633862371961
1559 0.12603027441154213
1707 0.04838340200137281
674 0.11956459330502867
914 0.16267029190230464
2999 0.5034744570858235
3828 0.3106309564591291
2122 0.477597137352067
516 0.5174100621538784
830 0.6561758232588389
3399 0.6591670935972388
2723 0.7772517779782863
2275 0.7492039000021434
867 0.5978879066689208
2725 0.05831885848642393
3652 0.3467753711271093
3368 0.7548066532182702
3175 0.8767139371052597
16 0.30162077480180305
2562 0.9988158667413264
2935 0.24070530166051296
2176 0.4671646651289215
2741 0.03305082901013234
3219 0.8117894182839129
1111 0.7539226755579781
1939 0.04954595835173692
3759 0.002863592195848197
1343 0.11280167497468496
385 0.8550264165296102
1913 0.26630681317069915
2345 0.9223089884820882
3363 0.49052324973683037
2645 0.11843228851785714
3403 0.717829144067936
2884 0.9309389579410362
500 0.35489518139470877
1493 0.43512994296383045
10 0.9142427071763402
3578 0.8708683868593056
2404 0.030267423347967615
1385 0.9142485884784249
301 0.1351998933310785
2099 0.274271189228656
1657 0.6195496383835071
2900 0.5324185625824125
2566 0.16614699096338126
3252 0.21355553223078227
260 0.9091802462841277
995 0.5636743697396216
1115 0.17747954474189254
3601 0.9380775411605518
490 0.39819602729392023
844 0.7376836818620882
2278 0.5920715738805598
3769 0.5269155826098332
314 0.12941165848572533
3065 0.020375497055845737
900 0.6470195783479805
3815 0.6241422069878663
2357 0.3766942654827362
3402 0.8885802818914021
2273 0.4970439717497621
749 0.6911945457122327
1560 0.3995458211804519
2692 0.9790835447729607
3784 0.12984216586051756
340 0.11035808849813888
2828 0.41468138183558123
2076 0.0325336315797915
2258 0.06778911286491685
1421 0.904042552143675
1546 0.6540189941462153
582 0.12393340756894311
3874 0.8157323893045111
1211 0.7964432606536795
904 0.8794729110745223
3781 0.27398457701412204
170 0.28123102790825893
2466 0.8373447330813449
1741 0.007168484490455929
3528 0.6693426644087406
732 0.9414382433518864
2013 0.8322377917107306
1742 0.557173790667033
37 0.8848793634214466
2934 0.35993036953252056
185 0.37858558160859346
624 0.48956951142068217
3216 0.6973384826713962
3271 0.7671350767537574
1446 0.3949873437334339
2450 0.6136550180779407
203 0.30731033735223345
2468 0.8096145753502432
2921 0.6481535448543475
644 0.16431565801462278
2823 0.045238717400135964
112 0.24631011873456798
2063 0.9320199374384343
3988 0.32805209141268643
1612 0.9272138208189578
2419 0.3239561357910318
1514 0.2339914504247672
184 0.47089962780496475
1412 0.747593089491026
1476 0.7992238873254965
632 0.43522206041497913
3723 0.5714419456789323
1839 0.7480313783444326
2969 0.09175598173361921
974 0.8349996856421332
544 0.8943500889457844
3565 0.28629101581450767
2084 0.8501045054794186
1962 0.06372019718253741
3711 0.2533541022410407
3729 0.34324064199490223
113 0.29168772904504414
126 0.7545978895406693
2238 0.3072814206331893
1779 0.1527420719429663
2572 0.03823095453501757
1442 0.6811743401104103
832 0.2087727213427213
3905 0.7166619824075015
4004 0.8097593255472341
2225 0.9358516365500286
1594 0.5825121072943745
2470 0.476035563621093
198 0.2630620284798193
2656 0.12408944790264798
168 0.24828559564733543
1520 0.9494475261632295
2730 0.46464811321477717
1950 0.47957035610388676
1519 0.32390823013916126
1954 0.720985284509744
3915 0.9735668025129023
3450 0.2675512095070667
3247 0.34403627548225146
222 0.762658263622657
551 0.27606575426662894
191 0.836782602025922
793 0.8131084646898957
3144 0.7099658245813468
2965 0.3619129844762883
57 0.20479257934058348
336 0.17413575861751496
3510 0.37433605304932227
214 0.5613091904177278
2638 0.11699507239281659
3424 0.5197864750902309
1295 0.4724464992469779
3550 0.3716694469435027
2469 0.10699682329147131
3782 0.4981898235065175
3313 0.27997627258861346
1193 0.8951538529852673
942 0.2036416203864313
2341 0.7731073149743445
2625 0.6761295243634828
4032 0.6806793010837302
2799 0.5797438766668778
1372 0.08659850587415252
115 0.8353077247614175
3987 0.2182453899731499
2834 0.6181282917563367
1698 0.44203380765350364
1599 0.6435982762327626
1746 0.06875934070347645
1572 0.5825058802060836
717 0.1762835517109832
2592 0.7702859399211046
1161 0.6291462842915578
1634 0.32388102428562526
1941 0.7221393738404974
3026 0.20838200097127846
3489 0.8303828061800292
1646 0.22759833024939202
1522 0.6755004732187807
1986 0.013206043748873464
3814 0.6451933982671703
823 0.9118018139131909
2864 0.3765834063287181
1244 0.9143434605624106
2849 0.1425008273020517
889 0.024993133866219597
2125 0.5903914505478914
317 0.45384150659937883
813 0.9673228409527055
3384 0.8585400052571387
2944 0.028905443779574602
221 0.31229541058314436
2535 0.5476597256996001
1401 0.3893994462387367
1820 0.39593490865966563
917 0.5245150962338611
1621 0.03401834985350516
2355 0.7989847123581891
1067 0.3552945932123075
593 0.35775252357759046
412 0.9625697072422513
2075 0.4760192591074607
3959 0.3239485858491137
2077 0.728008135685861
3075 0.899539501623458
3806 0.004384587803486273
2157 0.27399008827144056
105 0.16372457111242533
1451 0.8722814917882834
157 0.6613831183862496
104 0.7908019754150867
458 0.49121433564267425
3607 0.22158601040320136
625 0.5075014154362488
3446 0.4794696787350957
1403 0.612457560443146
3684 0.6201272078757177
2589 0.235672962104844
1083 0.4374944280219244
868 0.9734447426718862
1902 0.39355403347212925
3059 0.5662036479541263
1963 0.9190816414818603
1034 0.5800288101895785
1568 0.953581645252748
2624 0.12293786656833394
1895 0.5047553699345733
2816 0.7082894840802727
668 0.10654146559346156
1376 0.4069059548197681
568 0.05977705622537055
4003 0.7777022213652782
1667 0.23620003637617515
837 0.6956092076039623
1589 0.5158225595926687
395 0.20794315620821247
2431 0.8762575382268742
3110 0.43926146058001125
3307 0.042598382103455346
1675 0.4639501528423574
617 0.9857891079758826
2208 0.9997213004561242
1213 0.48955499416777715
3850 0.908899753013734
2104 0.31999383164781736
594 0.38351244844455135
442 0.07258056864907647
3074 0.5310480011341835
3117 0.6489667915030096
1313 0.9572439283424228
1309 0.1565364854268393
3522 0.08792339315347619
789 0.21881241102879023
3545 0.001906186868760651
570 0.6417210874071959
2400 0.7201477669176148
3485 0.7722678178475958
1878 0.3619328306822245
1719 0.9008260769617543
2072 0.6272014055163564
323 0.6501074122107404
1694 0.3755818849595166
3920 0.4326750506695777
792 0.9687368795405695
2432 0.979950577692774
1647 0.7351047472750886
3660 0.40001191070401454
1633 0.7575854130190391
416 0.7256966152342986
205 0.918334935259805
1275 8.31662030628344E-4
1160 0.14438859918949953
2758 0.4186622717256083
3508 0.3577426349550965
1929 0.18622437950820392
2216 0.1588274738078963
1391 0.7205989066759247
564 0.5686651724372783
1001 0.5824282322915068
2821 0.6687100369945644
47 0.5791178587315234
724 0.04533812238503421
989 0.6007651066680433
276 0.045716807917843716
2048 0.62765407200113
1536 0.8515147327378281
3634 0.6263581469766378
207 0.7853942990115939
3941 0.654949684231394
1460 0.48187675246122863
521 0.865007805215633
991 0.11902372894849067
3564 0.4231410797501681
604 0.7511023842903825
1964 0.8973287880218634
377 0.4762828912161803
3676 0.8488836329643638
3682 0.17937265330989483
2967 0.24022752061467356
2353 0.5101570464154653
155 0.5785512913177832
3525 0.5862600397838589
1410 0.24802595236055758
3456 0.27934446676589597
1687 0.2863982035877253
3272 0.3793587014358588
3066 0.4990141532361235
3155 0.09844091013684209
4038 0.6036724973720845
3197 0.3296782545472571
1040 0.40794071781287533
466 0.5124765220525559
912 0.44702280338234734
2958 0.4627386466411575
3339 0.18092677167765248
931 0.8299177720944634
1466 0.6561404456421347
3436 0.06246633959743553
492 0.3865153064550414
1148 0.6570359812394863
1419 0.2734313707623368
3949 0.6844070909110267
2594 0.3550450678007683
1168 0.9165832210632495
1830 0.5026136493606125
3650 0.5054339895431047
1717 0.3382639331267532
801 0.9050050746400462
3336 0.3684877351361314
460 0.29904400695161826
3139 0.8620737418406565
131 0.04495941760234956
2664 0.3667283869602972
1390 0.8185000474589998
1630 0.9875250178902489
293 0.12369869650152188
93 0.9403988740717732
3789 0.39448959171940545
2092 0.25865651863990025
3611 0.9729130411634193
1182 0.4489892278253189
1632 0.10963522466238029
558 0.9605010853752424
1150 0.7419196102977359
1808 0.40613224634556244
3032 0.9991062225830086
3487 0.936555978241889
944 0.14362411183143353
1046 0.15375227036740235
1280 0.34474461357265374
2052 0.6222423647448274
1816 0.31146745612649496
1158 0.8132536364983223
3922 0.2795331400940433
3161 0.13935511958412206
2387 0.19561197843292577
338 0.308456702899533
3858 0.5998963720020188
1176 0.26623065908571175
1075 0.7479082337890226
1297 0.4903416224232502
1098 0.8952407814699168
2721 0.8493373993207626
79 0.49772470886719233
3513 0.910261121068632
603 0.8473029907526305
344 0.7542194011003351
1749 0.5045101341911112
834 0.5861349600485527
1320 0.8262903962157561
3835 0.7672010378547734
741 0.08799803283432572
541 0.18524109893875906
4008 0.7164610981850866
664 0.9539863968490077
2174 0.1832522212797899
2615 0.4075690934963898
3500 0.24070569662503816
1017 0.8572641930479616
3109 0.6452902441789655
2360 0.9953037694835951
2040 0.9218562508866435
3974 0.5726554053876215
2762 0.33681209792556055
968 0.716858107133066
423 0.2178624502575901
3146 0.18081702465726213
1940 0.3725991608695669
3848 0.877976157448886
326 0.29863902918240814
1556 0.23324276547642664
2246 0.4654387524901954
1289 0.39777836514489673
831 0.39430237225375464
1225 0.9902769742941043
2135 0.9209674976780137
2034 0.2542231321023054
208 0.6376783874290157
2133 0.8920855077780698
1186 0.46261696535930896
4037 0.15130998369133597
3901 0.8483777535746145
2198 0.30680360433015763
987 0.7328829060415655
3457 0.589451536566904
2293 0.7613988684066813
3910 0.9448069029500646
3520 0.013429554136081157
7 0.13079256753430502
3000 0.7901326689370093
2187 0.4540291193806235
675 0.43407882010513066
1319 0.542856547520119
1405 0.5318076242985559
1076 0.6184758616981504
536 0.6995234418945766
695 0.67675121463428
3880 0.8728274016989118
3696 0.27056074242501693
2961 0.15264246028340145
2648 0.39026648667838315
2578 0.7321176673087602
150 0.4976166512857698
3462 0.8145861028605166
1407 0.561549362173108
3180 0.19251220513538259
1373 0.9739115534843441
2683 0.8943362898030355
3018 0.2556425625324019
3980 0.013373642585313261
2415 0.2817246516621268
2669 0.1442385114789806
1155 0.40402433593307796
1565 0.29205649346828555
368 0.8985155084292008
2279 0.3530389253871329
796 0.9363895327851384
2886 0.3474861963220425
3293 0.12194495098018132
791 0.2142507692572846
3497 0.1642623031520879
236 0.7360399918719145
316 0.5804835364103436
1555 0.7852121030159963
2247 0.35763375850699586
612 0.6780813136620789
3703 0.1345696750303964
269 0.7609868557174759
2368 0.8786683492234005
1850 0.07291188666365078
1218 0.9117562025182594
1356 0.8272996924758436
994 0.9406246777131392
1157 0.7105709004426989
166 0.9390104405796617
1175 0.42798447668101847
1922 0.045488475217378754
3902 0.25082422923032055
393 0.3363099310208322
3620 0.3849651008591387
1014 0.4204160874210586
2068 0.03285063322682924
2004 0.31790208791152963
1109 0.942576582879978
1690 0.32093936325356354
2178 0.8035461042859469
1243 0.3110725514571159
304 0.9730732896962105
496 0.8979835971694443
498 0.008031776344071817
935 0.34699419431589673
2206 0.2764604650620539
2515 0.43610237142435637
3548 0.37286439132847293
3870 0.5042045147357993
197 0.13532372353008137
1792 0.16193418857105835
2985 0.1306127296162407
1532 0.592486248152785
2928 0.544121065638994
298 0.4947377915631864
156 0.3838776522428943
4025 0.45340230892617417
702 0.822440318151983
3912 0.5649643258370598
1413 0.7874967745222727
1987 0.223462992688936
727 0.6430143161881912
1136 0.06217603272409955
3590 0.9395895327119185
1488 0.6568797140850354
3678 0.8578250117832886
3997 0.9902230808366914
3658 0.6152623859745314
2514 0.13708609500335422
173 0.8894171781099018
821 0.7054414283895211
1181 0.2512073684659847
432 0.31968399950202997
3051 0.8695806772440466
3398 0.6927359502199821
3971 0.8950921378771093
2891 0.44419852250064384
1135 0.15385027770626925
1726 0.8947653824271966
159 0.17055294282730615
4020 0.22800245683772524
3133 0.31781011015255667
2367 0.05104620814698424
1898 0.6767665919898915
857 0.9129975364591139
2451 0.2499797012258842
2528 0.42664497649615507
2426 0.64099112383267
1126 0.4741160372607842
2571 0.4960970868676552
3470 0.5142297180203595
1050 0.5731293398300168
3529 0.2184330502309456
2513 0.5809038336894877
3519 0.7786029418094118
2023 0.13328288780540265
1004 0.0046563428752890434
3783 0.6360757429304108
3554 0.27943953267477206
3811 0.4164295051781115
2868 0.09498713486152877
1992 0.29673197840389764
2646 0.05580588536306075
2661 0.3827688823443306
42 0.2148218539255089
2103 0.49399475000463744
1799 0.48513642248673894
559 0.21794800358080346
2752 0.7404912334807424
3073 0.4673604398140907
3236 0.4396965468796007
2801 0.9942897599286603
3856 0.06121006675224561
488 0.04818213229099144
3083 0.9551619812333618
2288 0.12231354604192679
3879 0.06863715780593216
573 0.02435285875458526
487 0.2987963134734726
4005 0.7312497703827355
517 0.415921550647927
129 0.18631746118438208
1271 0.7788098605677247
3524 0.2979151824828211
692 0.6578382120425241
2322 0.47583063921224866
930 0.3718346698069045
744 0.5552293591118571
3207 0.634592114296839
906 0.5114171722919135
1496 0.26205219272131275
3914 0.9548168282717562
2739 0.49409673358885986
952 0.6482798905832263
3983 0.6833613413574647
3790 0.7325536393327327
399 0.5610096487412128
2121 0.645439751031669
2183 0.035076700147173345
1603 0.9315809195801728
1858 0.8555340158515864
1231 0.9591812982308193
2750 0.10199768190554848
2220 0.5742224628580007
2671 0.4409715618880765
3086 0.6594166426882627
977 0.3512913952519823
100 0.5424067526244776
482 0.9362393719647617
217 0.9743687279288222
139 0.7014835024474535
2550 0.6256087266903977
3095 0.4680391405295876
1222 0.5090153723751515
300 0.8629525551952503
533 0.6259900043505733
1003 0.05709405884984986
3330 0.254023267569789
3496 0.33467545305801716
2697 0.3723307517447211
850 0.9338453285864635
3644 0.6044409617476281
812 0.40857264393583526
3743 0.9875099358435971
846 0.5612266639475741
1759 0.7412087426907363
165 0.08065350508575453
2338 0.778705572118834
658 0.2056117285560024
2717 0.893582090663586
3793 0.5972642315824442
3823 0.6751499192032796
3168 0.7417560689395728
3692 0.19685498451265993
1842 0.4750913248295089
2688 0.225188755165026
3412 0.003531560743472162
3370 0.0873079788772706
3857 0.22517620324867937
2123 0.7825583330597801
3542 0.39947824261354026
3976 0.4350950435085652
3116 0.6840473319487097
3493 0.6612073598149779
1227 0.7006744096101012
1573 0.9058226073264556
354 0.8091784192280222
1011 0.7186552067000915
3039 0.8781531485531497
2926 0.3628627389550966
1400 0.03133218160218776
1163 0.03979228670899626
2508 0.6180693055519346
2111 0.47498209763607235
2802 0.7729513049538248
2820 0.13619169523277286
975 0.6750480123558595
1232 0.07765664062491928
3742 0.5396093816112566
2666 0.3504161730973472
3445 0.537622217311948
3882 0.25148186194814715
3535 0.07063639099866958
441 0.9604679222232939
401 0.974393137202353
2043 0.527376835822034
1252 0.39538482089490923
3321 0.8164429892068104
182 0.90552433197633
3904 0.10581961737255607
1443 0.2832040506101703
2326 0.2096160859632369
3571 0.7014066242394226
1660 0.48614076418169483
2701 0.49804200242923
2923 0.07359586901989024
1691 0.4488072648125502
2673 0.44194048228768334
1024 0.47269507343576367
1326 0.5478544328608639
1791 0.9445441642483048
2885 0.8499841828644669
2481 0.5030786154178377
2539 0.39584913099413077
1511 0.17770143433909247
2185 0.48247042014884456
1569 0.32949161512840774
2438 0.7631188972587479
1370 0.8436301751038922
461 0.506353701028285
44 0.019701277178361565
2537 0.28515095461374607
618 0.9964540503582754
3264 0.0984444641003972
879 0.39777446695954133
3394 0.6104783911455863
670 0.2915265483543752
151 0.28129707286792327
876 0.8729343253009273
1821 0.9913827502573976
622 0.3952627044728786
2112 0.8124356974767587
2055 0.41432259491315304
1375 0.7127399395708662
639 0.046995227272676465
3408 0.7182575316435413
2047 0.5903989913947548
1112 0.7789618000330419
743 0.9459809884662574
2386 0.8539913266307065
1785 0.045811065372869275
552 0.45965006991259494
2800 0.10641090206097303
3712 0.6923782869324926
969 0.523919306365422
1389 0.006492931392194978
1788 0.5742522865288548
1915 0.39628221605494995
3760 0.559763880570613
199 0.09709879236779495
3040 0.4319799775044415
145 0.1142235345812872
1794 0.2661108822743813
1214 0.3358761066483428
583 0.8307281443590518
3050 0.3528721104766408
1549 0.21431778875468133
1580 0.44773187201082265
2343 0.3841223595258444
709 0.22682230275756898
3248 0.2721088536680576
3218 0.6372754145403635
25 0.6340272195602352
2789 0.3635125488123643
370 0.40195345068476085
2524 0.9543785419024933
2142 0.45567174655051534
3847 0.24994132711680805
3804 0.8465912053845023
62 0.4063565928348477
833 0.20809132812073117
2839 0.8478701044452079
444 0.8323499901588256
6 0.9876999925166208
1718 0.15555135211297044
620 0.3754929581086013
3068 0.9062538069778332
993 0.7601984265471524
1643 0.18659462865138776
3818 0.2560918002492588
3077 0.28951958585091997
1450 0.6094655709001214
431 0.13958072226296125
3414 0.36798482242850594
1713 0.1778933584166945
1778 0.32828499431288327
2167 0.1070623474087452
1487 0.8951153849771905
1234 0.7483777819874816
398 0.23286256872567124
475 0.9360703134318785
3631 0.27391711498042914
1054 0.7422544405370958
1259 0.6049847109866677
3072 0.7673551379326414
2533 0.959630326886871
2259 0.8859063614057239
3250 0.8712458397490696
262 0.8638598593957687
549 0.9940339378816913
939 0.08379703136805716
3573 0.5799222225785003
445 0.16717553048025546
1890 0.6465959504523321
2060 0.27206458518160015
242 0.9167338634377797
2032 0.9904568279174244
2244 0.7223348385472707
1953 0.05654061475519423
2898 0.7126499286189708
3440 0.007252498030211996
1952 0.48222301161928605
2417 0.7756052772924226
2114 0.6400571004020275
2475 0.22793121177064746
3444 0.5057528963301214
2557 0.4261413243570561
2482 0.5680248080840435
2120 0.9688605418846843
486 0.24032486177904844
1815 0.9699519682835903
753 0.8530648764153165
2207 0.914222977080888
2329 0.4284056066116194
2674 0.8983581078783186
1521 0.6786972122119906
3982 0.246329524808795
700 0.08094450337163417
2971 0.5742932262272097
1803 0.4252976464841228
2941 0.47751830192665023
3779 0.1743246063452234
1191 0.7940643918675497
2154 0.45111765052043706
1230 0.05520140886609348
493 0.7881637543471101
1637 0.21505070931702974
1753 0.5960299742333758
1827 0.03135092068528467
3531 0.9725708848281793
1147 0.7809613139000366
2199 0.18146798748695758
893 0.08869025254927765
2901 0.2360008765500351
1080 0.04287671821018524
2498 0.2731912494308403
3315 0.9980848635297538
1330 0.17864129273635465
1350 0.32214900992396844
2806 0.497922994244799
986 0.1451017659259718
3362 0.4613026095845906
1527 0.9903380730328156
4006 0.7605699930070688
2396 0.10843476499895677
1880 0.9960729559441286
3215 0.7517119863375652
1501 0.7956490229344562
2027 0.3988683388144727
1957 0.9725374644141298
1871 0.7054421900175991
2691 0.6047081688970121
659 0.37467991928949274
12 0.0921515338242953
861 0.13747480380512545
1876 0.4809455170946748
447 0.03785642930514166
2486 0.1733957041626909
1658 0.44616147488511226
3319 0.5028915681267901
1752 0.8852286212698971
2427 0.11162990619816382
452 0.34108454196383486
1989 0.0909358649632902
3353 0.23960172845345618
3746 0.03010305263671398
1246 0.47111286906195426
3893 0.4636426919222969
3130 0.5181887846007147
367 0.3423632956860376
331 0.9355762645787318
2202 0.6052139274696635
2814 0.7091291598237524
1480 0.3613538188048293
420 0.7115481368563213
2272 0.6611224451322985
1575 0.9216010257841583
283 0.03676702964864631
429 0.8905773209983204
2119 0.5158522784025483
3985 0.25101349478811985
2584 0.3797700977743472
2138 0.7598116030241009
2035 0.6748466122572799
1583 0.3579907792214194
808 0.14300347746093556
3884 0.18530745597686493
1467 0.4721785704915342
1754 0.09833675564039146
3024 0.36379281845870237
3725 0.4594213088257827
3302 0.05612353913541357
1199 0.2608954160345446
842 0.44980419594543364
2195 0.7595302135385714
3324 0.566726191545771
2188 0.9711991187522617
851 0.588911484738998
350 0.6319300799404169
40 0.41261929805070474
1425 0.6010227603675903
2693 0.39883351323279637
3659 0.4626125994991075
1782 0.5787654381236063
2298 0.08743916945651153
2704 0.8971382685551941
1848 0.7257224817874992
3981 0.4524566475559806
787 0.40969708768267765
1862 0.06849987444939176
547 0.9108485851772149
1068 0.7418216763506416
701 0.5982198260036029
363 0.5336332644771815
636 0.4219042226782366
3708 0.6792536996973279
645 0.05724918503017562
1486 0.08312129125823586
3970 0.4132032306473511
4033 0.851586337380233
3259 0.17113626856435826
4031 0.1293865716418685
3350 0.48243998779765607
419 0.6795089710110954
2424 0.134006252334829
345 0.45135097278398073
3341 0.3756333900457235
711 0.7806273884772936
2143 0.6935022129767296
98 0.9588639157489712
2280 0.3756959887675264
1219 0.1937388119364537
814 0.03153835133693084
92 0.5877694277942015
3008 0.8441413227952378
1833 0.7163053581874201
1406 0.31847044052628026
3808 0.8515220059928587
771 0.46454381528858335
2410 0.4127734812326931
1324 0.5718173525937086
1120 0.02154933173452178
3705 0.09671752343901163
1997 0.6883010722844659
849 0.32664424383334734
854 0.38609952750985854
3043 0.7921811956091971
1852 0.19061826982618746
3606 0.281944766805058
84 0.5460995155450498
122 0.444328862979976
1055 0.20216160364167512
3058 0.5258357373894127
3145 0.24659041870379028
1984 0.7508266770020618
1966 0.11528569480704476
2781 0.16210470144143763
3422 0.8135940792830197
2627 0.6511084810760862
3555 0.04527040645498415
2767 0.1616273575395244
1834 0.8688055053924867
430 0.16844376594082455
351 0.6290052946602407
589 0.04439800856309217
1353 0.6282929949296933
3429 0.6339035592415676
2130 0.5816481007107034
1928 0.5613930592468368
1030 0.7564287909607796
469 0.5986513081902327
2827 0.6392168303844208
1796 0.8902143043926726
3911 0.44256059628718514
2462 0.35133721323804223
3543 0.10199006359070095
3214 0.9844348713344434
948 0.09547446701213436
2025 0.848976132789457
2763 0.3117538035627765
2394 0.6237975465508111
2444 0.8094879105613366
2294 0.042540865773959435
3666 0.045347047838140364
2622 0.40089177202598525
1037 0.5460513385851766
820 0.03260406213933531
3441 0.987622850170021
786 0.34966194637426673
1124 0.796025445603139
3318 0.22571325573979029
3889 0.15885511043676426
3190 0.17207658373310908
2968 0.3403403186453656
907 0.6787859752748645
3767 0.41478579452000175
193 0.051514073589552734
1772 0.6105322011403126
3923 0.11666227373405558
2224 0.9119212280889695
2733 0.8548974540304912
513 0.06569175297328256
1994 0.6870546614552415
892 0.7363501978094555
707 0.12033759548553524
1996 0.9486477340383831
1379 0.3774861153837735
3940 0.7312705326683763
2871 0.6030198676356577
2433 0.7617485505347517
3305 0.16040912880103497
3019 0.9265750292002504
2881 0.3092969325410081
3476 0.8113930235711199
449 0.3555497261475594
2411 0.8732617591989761
3322 0.8874259425988325
3263 0.21050151537581718
2109 0.40262235097994803
3900 0.6160974056543319
2703 0.9631159075722847
3991 0.7994066761670323
2383 0.2229129173462555
1920 0.9998770108999127
2276 0.5090266053427563
2041 0.5481829370841773
1203 0.6148287962957913
3504 0.49778687200152283
1032 0.6195878268190032
2480 0.1372225508879169
643 0.6763664325831267
2150 0.7747920091648869
1452 0.12598358402222365
1729 0.5779048880141635
2731 0.07654813196405763
53 0.7546332196084585
3890 0.33087313708841204
616 0.9314953078532489
3501 0.10823218783630828
3356 0.04593314908207968
3521 0.7683967626892146
1789 0.4119483811744139
1686 0.8463009636409774
3401 0.20107447159100056
3819 0.3022408515071734
69 0.4170797597007332
1081 0.40808385262683233
1306 0.4309278040350625
2265 0.06301382828278923
91 0.3226096954142984
176 0.26697336806789695
2628 0.07917080197041104
3898 0.6959102381782364
119 0.19487062515435838
2707 0.8055441371059501
3463 0.37185368590053036
511 0.14061792429297615
3989 0.9305099994565025
1362 0.8110860714472796
2320 0.7010311284743402
1867 0.6976486588180169
477 0.7153087212524591
3778 0.41431495991565825
2840 0.9756939502524865
1972 0.4487499376440164
3310 0.10927467826937287
1121 0.05112460672907426
883 0.37889825814161915
3108 0.19378214852898168
376 0.5114598580310049
925 0.3875968691167263
653 0.20690406915555015
928 0.9424213040095494
1291 0.23548851567817708
2057 0.7900869953277486
3173 0.33429897525461927
2350 0.6562748696520331
2777 0.9355729416011981
70 0.845053719674779
2609 0.2484968256808905
364 0.3754740698638106
523 0.6628329206420409
2166 0.6374046233470604
3079 0.5276654499470738
999 0.08353345715908755
3674 0.4030230055242149
1607 0.9814791511620857
2519 0.09805140057339345
1998 0.6652438655134296
562 0.5493117906799709
3892 0.5653932378124709
2228 0.599833842921061
839 0.09459294732378665
3406 0.3975460862041069
3599 0.01732087661619075
1063 0.7150534192936261
1091 0.5531825795679608
2318 0.41647162617802047
240 0.2313897255376952
3801 0.3668269093041364
1619 0.5243401804708662
3925 0.7416715951464681
3482 0.9012191995531662
1286 0.2859713859708213
1863 0.034096679666381524
2945 0.06952283923829505
295 0.10073132445381239
2314 0.5593263653216064
1877 0.1174310640683166
335 0.8862588728358898
3934 0.9247158967364921
3135 0.4234765289526401
2115 0.27665748562994885
826 0.7572680421652083
234 0.6557333249081995
2181 0.7482412918237085
3178 0.16855793714014733
2340 0.22304383785012782
1736 0.6592898315452804
3984 0.3662117154559337
3275 0.007839675134776236
4029 0.7007437898631061
297 0.2258215307821032
723 0.6477794335780377
3859 0.2067233254063422
2896 0.6741022893041343
529 0.875875323784139
3562 0.4955161545304563
1666 0.5839442908216208
1239 0.3694817922086717
235 0.22397581360559593
518 0.2374266774397641
909 0.07117621636910865
1471 0.062135828395943005
2303 0.35701985684522997
828 0.7355117023019445
3479 0.220862461881015
1552 0.13429628673906246
247 0.8246408283530531
2979 0.3942418290803036
964 0.9766672704118775
3673 0.015486919894656226
3206 0.7618371257130764
3082 0.6529573173431616
1441 0.10623602707484692
2454 0.1755032673442284
2442 0.36826051467054066
1702 0.9768724556747248
2842 0.4156790449760941
3359 0.4117891114965887
3967 0.9539117012488667
1669 0.32327797932822033
1061 0.3661715330028458
3680 0.7754781773479763
2066 0.027592027535158548
2377 0.5526981170164301
3715 0.9952876106293516
3291 0.6141587605264607
697 0.4523116346197781
945 0.2791738663101432
1926 0.10916353380475308
3142 0.3744583959655787
2131 0.5209560712750142
3727 0.20950737085758375
3234 0.5563117478486178
2385 0.003834546680017592
1893 0.9158652549583233
2158 0.10821670727400257
3854 0.01988370335954126
886 0.018496284606886126
2793 0.9075792436969699
3872 0.14311471848163215
1614 0.17240609588152667
3597 0.5631710234274208
1422 0.820858357457376
3642 0.5158388445352794
565 0.22549194694278063
1744 0.07846966590512283
2037 0.7501850438758738
3149 0.9623237049430359
3037 0.8767541370356786
3369 0.5128923005092707
2846 0.742308027535296
2083 0.920121870481716
3269 0.40712568812738903
3945 0.369055539193231
2534 0.17998963464015438
388 0.9026424219369452
254 0.21401787204666223
2593 0.2575123709149295
137 0.8989693951343568
2894 0.8947907830102373
3260 0.3792235849440905
1784 0.04657334651439571
3820 0.6492586035255581
1676 0.3901578288996138
822 0.96519980910442
231 0.14282810771977772
2388 0.8722315424351574
3119 0.02681980145089724
3439 0.6093400820548165
3551 0.9146043602984184
2269 0.4065811932115183
1912 0.646974909334285
2825 0.6430738912206707
1156 0.7793913175112027
149 0.6590588366984765
3125 0.005056524936902562
1332 0.40110682198737746
3473 0.016292918194703798
2536 0.9800177460230373
1087 0.27962701090812003
2932 0.6058416774210075
1679 0.9358659279340173
1760 0.4691339040666722
2559 0.006270090724934452
3735 0.7129974488445069
3697 0.6422362773592044
2698 0.20327716878869406
109 0.04186375139335008
2342 0.8866696052322621
1276 0.2561768972507822
3076 0.9263585234866646
3732 0.6950301559858487
3425 0.8355515667652865
3006 0.132868865840152
15 0.5700804383091435
3334 0.2132223994139688
704 0.08676398522487871
2391 0.30435664777624927
2255 0.5848687236418308
903 0.40382257663681453
1983 0.39971482613630993
3081 0.10424771081049933
394 0.9518662757238848
1489 0.28478946224843404
3392 0.9296399499616599
2140 0.6909956334331403
882 0.9197201310868517
206 0.3098081671507159
3478 0.4389506092579488
2830 0.9761446499285498
2460 0.9639953751091136
223 0.8935582629898242
3471 0.32424024070282753
806 0.285203163663445
1072 0.20240024735360906
3300 0.6746307799923261
3802 0.47778026611133784
2347 0.9313522173334049
1649 0.5156095157601125
153 0.1967889785435991
1208 0.03456061301230595
807 0.7659846543581957
2328 0.9213233381437259
3917 0.4636809619572081
289 0.8694075283936357
2102 0.6851089670189029
3908 0.32830162311602784
2920 0.12777750936027654
838 0.30343764775762205
510 0.016941703711386702
3936 0.6574647092333954
272 0.9112213888099482
1584 0.8550838811038234
2927 0.6935507451130647
1787 0.45875308542874726
3961 0.2244391829965976
3093 0.02815547297684662
3239 0.11820114130925319
1299 0.5752902980752508
2270 0.8477804919598708
3342 0.0678706912099517
2919 0.6800941580944607
2065 0.11049477111333372
976 0.9721135506437821
816 0.3355276375903896
2977 0.9394793366018681
4027 0.9391379459409885
3507 0.8562201581958718
2861 0.4534548354271959
3739 0.6086582790859391
2887 0.26994758449515577
2359 0.8519969418181214
971 0.654110262451463
261 0.5881880119258206
666 0.31520654035981854
1458 0.5728842961981327
1485 0.8306734999777595
2455 0.48263105532396133
1491 0.9518992507603277
584 0.5366082391403848
2344 0.6312027916694091
1965 0.2164878089720309
2018 0.3693093256412293
1604 0.7002339645838358
1613 0.5644049167137261
2283 0.598486675010829
3176 0.08957336899027535
3372 0.9236951269951551
1380 0.49229265596422356
3829 0.941195831515723
3668 0.4205477873039758
1251 0.547375668940128
2560 0.07348096924422343
425 0.13295988726146513
3667 0.3544468652934981
1991 0.9499860748308939
3773 0.690599895314991
706 0.8804535548636427
1039 0.16106184940623702
2525 0.16488909629616122
1924 0.1462780981718711
230 0.1926838388258405
1571 0.440972384104241
325 0.37619507792385065
2520 0.9443783879366849
2743 0.5610610044605763
2650 0.20201336429355554
648 0.3903601121764916
1021 0.28664253593742317
1455 0.7051975330574191
1334 0.6013616230012776
2922 0.9846848559508752
3397 0.009629308164960215
179 0.20038400389218802
610 0.3559584921984731
2483 0.3710258921846953
3681 0.562806456839771
983 0.7802290352244527
154 0.46558597775316557
949 0.8811952267204407
1586 0.7858837806583531
1955 0.6167401488570754
3459 0.8157656149323501
1917 0.37993799090774205
3235 0.6819509609715074
2233 0.4201610288234051
1041 0.4317507786146556
1108 0.842042392659841
2764 0.6027104503550647
3962 0.7721701806851892
1703 0.640234880292182
1180 0.9920496016917933
3608 0.26307233607618685
1423 0.7085845117152042
1887 0.16199916420565041
687 0.8981959542654161
1610 0.7846044364048447
2726 0.20150084065860885
485 0.20657565634445052
2620 0.9366335923909284
1292 0.5308077917389642
2831 0.8558472888976684
2933 0.9691021794712006
1105 0.597639470070157
1212 0.8419138588997266
233 0.831605424226407
1249 0.5398981486710162
1985 0.19243730986914698
2064 0.9028768193441048
537 0.730503311505128
3238 0.12889101739406106
2230 0.6374208185419992
3355 0.8854602501619407
3333 0.9447684665468807
3787 0.6798754075850264
1544 0.14198028387173334
3605 0.19379475219065712
1110 0.7555690792643295
147 0.4036878344961048
1831 0.8067991723943735
315 0.11250907666565779
4018 0.2900605027773999
3764 0.4947320603582306
772 0.8514014563456804
586 0.40751426941784863
1724 0.2984934912737728
428 0.31189138017508233
1907 0.4328938646962689
1900 0.46174655669101916
1328 0.5966294761061834
1445 0.6027158241043234
4014 0.7922619103630688
11 0.34165158949485064
1336 0.9337472952803437
1661 0.9288736687473473
302 0.7702424117487884
3791 0.7849191115458173
1430 0.9928148636061231
443 0.31120839513002974
1414 0.5717093000440032
2850 0.475953312993309
3383 0.20693840856168166
1416 0.2543438373854895
3002 0.025673262688098664
94 0.1327916578050229
1255 0.08499074272767704
192 0.7336314351224235
2305 0.4874105740311915
2716 0.8676601612083865
3192 0.779359402149177
21 0.4313356646906541
321 0.959899683964985
577 0.003080996447134332
715 0.7000442186882423
3566 0.4943045852603225
3661 0.9736587841308358
3710 0.026424024832131132
2323 0.08187332464249042
3467 0.3519748260332648
2397 0.25724127998348645
2608 0.6480205584916134
1404 0.5453952493105123
2081 0.681411042353737
646 0.25506059402366366
3869 0.9914345468931738
489 0.8570441946033908
696 0.43518212943393075
3391 0.10487904395876246
2517 0.789212666158833
3670 0.2904643248201315
1308 0.9582275610439848
2712 0.7742106000357322
1165 0.08341124438463543
58 0.21841830052690236
1677 0.6114691433943801
2747 0.6730503881226008
1851 0.33742484482828206
855 0.8234940466057349
929 0.9927747365434214
2929 0.20975863928857952
878 0.05411775787269946
3332 0.10586277893858775
4007 0.7999822741856869
1104 0.4375904124151683
1099 0.9649860095403292
2732 0.6876310251987802
848 0.6160439178573355
3195 0.1512765324944848
2709 0.6060543005629518
2110 0.2658673190433146
1505 0.4129516220472479
2987 0.5362255851199308
1635 0.6284390538667076
2587 0.9501743426419377
3537 0.36895716476049845
375 0.747330250451892
1190 0.5049844565326912
3495 0.13571579975046022
1296 0.6727010090799008
835 0.600026072228603
30 0.38910620878740654
3177 0.008896574820350889
275 0.3482162482936373
2897 0.8931640632654722
3158 0.7579529136963715
2263 0.26043358084103074
919 0.7763750687023876
1825 0.7514231497633759
2464 0.12922297669281535
2413 0.08934404360762738
3253 0.5111970558982512
688 0.7744025346860058
2865 0.5794499757385765
3418 0.1214169635290061
3623 0.19354006512603517
2600 0.7101975260613482
3461 0.011297417930736575
506 0.4370221677410021
2964 0.8500457958358116
467 0.8331771217602384
592 0.11837935662530041
3805 0.5056511754817382
2910 0.6318143997720822
397 0.19884546273382697
3709 0.7783505279618894
2626 0.4583723811118571
2924 0.09513292242551574
1932 0.47308307082253653
1107 0.16848557131451247
1949 0.7944227324500412
631 0.45568521231620507
3969 0.08872833504090938
3451 0.2426944899941007
863 0.3144467481563612
740 0.8580213630111432
2808 0.0693732880621094
3516 0.33489682277975197
3600 0.8004329264535716
1398 0.5936671748457011
501 0.9784121851178819
3071 0.5609045784117079
1968 0.721186752482993
2792 0.3741050799498974
1172 0.10079518117143083
2494 0.3794400491450175
1531 0.03221831502387906
3825 0.21895992406678644
2193 0.1456035420932017
34 0.142641207297728
267 0.9602120382444236
2488 0.2550743473681051
327 0.4694769789462693
3379 0.717384127902248
3201 0.5147845218664724
3452 0.7387602076957241
3060 0.06408760804917979
1540 0.2909783240484093
1566 0.3540260050736159
2248 0.9113638877353637
1680 0.32526935397960965
1337 0.2882674912277229
2529 0.5453599163482742
1454 0.8773851229160152
415 0.927075150920355
2668 0.9218944859155297
74 0.7095438647282639
1226 0.5547402256502687
1673 0.9609491458925177
3792 0.27346657405177544
3417 0.01317483397129815
1891 0.8883625602882705
1849 0.8683643597428712
103 0.9605826332115429
588 0.4838498590977518
2074 0.9411843368340854
1106 0.5946909282878422
224 0.38316123713943717
2678 0.16217324051504967
905 0.18064529805022123
2069 0.8227238468876553
1916 0.2622350832774494
46 0.676089702202173
343 0.26422610618768927
2946 0.10621304550645427
2700 0.6853532068567958
2713 0.925562539261387
3546 0.8941047186324563
572 0.21690320915290007
2495 0.1549598111025604
1548 0.6994044764510121
3064 0.8588866207540754
1853 0.0430041082410777
1472 0.19959429227887615
3280 0.21110816321402082
2213 0.20946076369069677
3025 0.9326770715783288
1102 0.9524843693326761
3096 0.7368124257706394
3285 0.6263846251772474
3287 0.46303635802057175
114 0.7280800860376977
1502 0.7660790019036787
1537 0.42780397282032423
2186 0.2333292866270662
1287 0.034303595512233276
3030 0.3349444958886101
1321 0.3397633517642984
1347 0.4303720907853974
2975 0.6467657680052881
456 0.5007498502056978
2031 0.1048662297045565
1086 0.5949832349493344
1697 0.3409274965498468
686 0.23954042946236886
923 0.2405940899944008
2461 0.2300694527095809
1492 0.6291600534864323
3199 0.3993673981476463
51 0.7751961875218571
3020 0.6341844756907061
2262 0.381885361395253
2363 0.7266111247793193
2463 0.586912655427451
567 0.6187936122253898
421 0.5254536591467777
290 0.39748579267154627
1733 0.05139570679132677
1009 0.5731422811549984
689 0.10414264837927067
1354 0.9331739241548266
3716 0.06254486208576493
2876 0.6775400460891288
818 0.8696385444179126
1077 0.854578044459139
555 0.1335737170659198
2720 0.9340359834095749
3724 0.21858654174259617
2409 0.941466667414986
2737 0.20797771705511714
2612 0.08287556346466296
965 0.7372739514277481
1708 0.5008295119504421
829 0.014173455672624402
3281 0.4037924813786251
1170 0.8322367312556278
0 0.6205473777563986
3373 0.2829319272884566
2880 0.863103962325265
3755 0.9265558662762733
102 0.9870199815331973
3993 0.9133295768658342
3733 0.06074130539876521
249 0.48383743611500785
542 0.4791850502913392
1561 0.22079257891962323
1720 0.9557619943044591
733 0.6853458427486245
2579 0.4164001066468803
656 0.7299113304622107
3614 0.4045533270122096
39 0.9304871450626896
1002 0.03394846272462215
574 0.585053824939558
3331 0.1328522715261392
769 0.456815505811735
2327 0.48746892594455216
2348 0.5434078935413319
3014 0.8808693545096641
2033 0.28296211626495926
1905 0.446398873351321
66 0.6879340764638836
1804 0.11021930563469318
138 0.3663632496812128
3113 0.12655837971841033
3942 0.4518123895565517
480 0.8420249627685104
530 0.337389952435029
3124 0.43329301173158596
1528 0.28131779421466585
3860 0.9074746196514152
1606 0.42245882940652135
957 0.7391312988631628
212 0.2806606113851421
1866 0.13527780534901457
1723 0.20092967471624001
3437 0.7037025327055213
3836 0.480180144477236
1220 0.7748777263749677
2791 0.6540727109384012
211 0.45869898674875853
3055 0.9483807069906591
1352 0.7599435413272912
1242 0.5591141712252375
1438 0.42695631675262447
3475 0.8286510408379802
330 0.2535787127864977
1609 0.6573459754841534
2734 0.022264637308598623
2851 0.5231103583166665
509 0.284846781289949
721 0.18251167474015406
2665 0.4853116457977148
676 0.6688742920715888
3572 0.1856289932091718
2852 0.27415729293743507
1015 0.1511989555839226
742 0.25613731720398614
985 0.9674931179139225
3170 0.52036233169768
3009 0.5152607492265676
194 0.22281856374818865
677 0.7401662910576988
2315 0.37524303585967034
3540 0.5664541569752665
3559 0.12711977679654562
3979 0.7663687573151264
2902 0.47884591348702665
2570 0.991378741762597
3477 0.04719631351310771
1130 0.7721802852677341
2937 0.9705269370410182
1824 0.017022450671369094
809 0.6862427328006341
2631 0.6877736303249237
3273 0.7316374400098195
722 0.8566194703195456
1270 0.7716467743103417
2916 0.0802650482959617
3154 0.11931544407438699
1012 0.9505456528929982
1768 0.22846679071089548
1533 0.15859467124139182
1145 0.1604063567119931
950 0.4529651648216564
2308 0.2803393764704718
1590 0.3797644957139106
2485 0.36301498770592133
1033 0.7049816852447865
591 0.5850253125975509
3992 0.3664251357638044
110 0.27291599780382325
3750 0.7563365218649918
1943 0.7471538542974578
3167 0.057717145649652135
2503 0.6530276228692562
2899 0.35023462616429
896 0.0673264564257241
3097 0.7584363401835054
2642 0.6963793270514546
3070 0.16966921306892335
3714 0.18459324181053938
3147 0.026006609266114533
1638 0.9964809536931607
218 0.5586542570258747
4026 0.34841623246936304
824 0.14040832683894167
3381 0.093727293975288
56 0.3780631564188143
2742 0.4165860107262501
920 0.23912367094590592
1909 0.29244892804973466
2302 0.13331158462412807
2682 0.3171587945145027
566 0.06732510030055627
2811 0.10044605760890923
3977 0.019910698911110858
2878 0.6353336968978108
2319 0.6929465209324102
708 0.08131955449381201
779 0.07295651256240032
1345 0.1902904107893284
585 0.46694136397639907
2542 0.1296391697847592
1116 0.17791030957218557
3088 0.9523600969335506
2416 0.9709454237801445
3838 0.17996580678577
3103 0.3025637185880783
3278 0.41750302684198215
479 0.6877266176709951
1837 0.14297136498100183
3826 0.9438714468744087
3960 0.6039184333656865
2994 0.654217796768274
768 0.42537602961871723
3034 0.44837339468793447
1562 0.16471396216111522
3748 0.4125928379831719
3635 0.7351496538150181
2761 0.5612174603911131
457 0.720912592442854
615 0.16176013809246514
3242 0.9994001330940028
3894 0.28633270581947945
3592 0.41067794333277585
2986 0.1298122055724129
1857 0.1295985832848191
2577 0.8990923173737982
2229 0.8234889446764254
440 0.8373830993639392
526 0.057267613894536495
502 0.7428443931236612
1738 0.9420976057467022
3731 0.10253101922305152
1478 0.9329852341839359
856 0.26197767881711187
2376 0.4504546063448518
2705 0.34967573244897465
3929 0.6325339663713447
353 0.5767288617825773
2384 0.7823887486019943
3612 0.028286029767876864
3728 0.7462509007474661
3225 0.7887264062675988
1436 0.5836788085482546
2129 0.7214254957503621
3968 0.04111137993182168
2873 0.12130573978328973
1626 0.8392566614897511
941 0.8299294604603329
2418 0.9798051198123843
2215 0.9449188972818839
2655 0.7776332990727305
1999 0.554899878600709
342 0.2570403828026453
864 0.7155014787194065
1281 0.8062398296543888
3279 0.2693689245051414
3817 0.47053870397714925
2888 0.8624483680431834
2217 0.1542281977874359
1461 0.26939622141851505
2740 0.9826582465994352
673 0.702888945638616
169 0.6033769562316151
3256 0.32552866279872383
1587 0.748311796221007
545 0.5302414586900681
3916 0.6730995512088781
538 0.4174658212649146
220 0.3858207000174104
1189 0.1275654653091306
2476 0.892154048149031
972 0.5279381114235757
825 0.04957332479653864
4009 0.09002018300882697
1756 0.3375046716793553
710 0.3962186098793644
690 0.7268332056593786
3143 0.505775507782383
1499 0.4498872432170141
2552 0.6873541697939036
1479 0.42576800251572167
1748 0.7410119035171568
871 0.24598181226777516
1836 0.12011456088739825
3720 0.3477477895217722
5 0.30218419005229147
2 0.4386981325464354
13 0.7148234546681617
3649 0.5441871225831849
554 0.007513033215562515
3844 0.6499300765752801
1278 0.471648329325563
946 0.7466819826288669
4015 0.989707928249467
4017 0.8542376358004747
3120 0.4705907842659275
2428 0.02891967507653581
3913 0.3732131375836122
2349 0.4272661667079726
1512 0.5963330492086599
1554 0.7098158568853162
75 0.8218085507317096
3926 0.6893144160072838
3179 0.8342598871321101
3596 0.4395595370385399
1465 0.5361854882747199
2373 0.6323139058520723
716 0.35838978483382655
1335 0.7237237071865573
3290 0.696156903035363
2501 0.5975846141470814
1464 0.4376131238783144
108 0.23532543164438402
3027 0.7884504962174416
540 0.03208286304231578
870 0.5235488372180619
2082 0.1406962351973533
410 0.738572426412229
2621 0.0924587188770758
3582 0.7514958960693883
1513 0.3222496701791272
1595 0.2740179340159228
1524 0.7890926796606035
1482 0.48536891707599383
2766 0.8197099731025398
3193 0.48614485267531904
1088 0.5663819418258647
2260 0.46817235902162424
2148 0.03109205191360076
2165 0.12931456162200228
4034 0.7008987323517099
3633 0.6014809296268754
1143 0.21569964627804983
777 0.798444221406662
2317 0.6656445471200597
468 0.37055856726605696
1312 0.6236350026690904
3580 0.7599032365349617
3654 0.6564758585529313
1137 0.4561620324603185
1757 0.13979020573570455
3393 0.8757256379219294
1711 0.8058780212870481
68 0.12973925966139632
365 0.675016409115447
1859 0.7573997276206536
2556 0.21961626361222664
3395 0.6156467937061405
2227 0.663144504961324
324 0.013034732175934094
320 0.8633936141530226
408 0.7221746736803581
795 0.9297562966481835
307 0.2104936490821261
1036 0.49949770239237246
2643 0.6925811042872505
2677 0.8870830167235212
2957 0.9691205275764111
346 0.3275194572551584
1523 0.40800343939173944
520 0.47913350241540187
514 0.41397942819967093
1995 0.7185785833269138
390 0.7860257534573373
623 0.5521316613302794
2214 0.07906129991052346
1060 0.449092395506299
1807 0.4618480395195491
1739 0.35756888622087835
535 0.22970405864854093
605 0.137975603537691
2049 0.6134152096435783
2261 0.7086541940647403
628 0.4895105004299507
2854 0.17026088019205865
3795 0.09752886374979786
3054 0.9056708806968623
1097 0.6033373369454254
2960 0.25048094295933376
954 0.9008785381478707
1885 0.9217252754313698
3704 0.1454681221333285
2219 0.8707551707974122
3672 0.27809324680871095
3538 0.4976001097374323
3772 0.9908713263813494
1409 0.4013745590252795
3937 0.8483281839913206
1096 0.7329005750863771
621 0.4074846354459607
3721 0.21578102237932795
3638 0.3525656749451601
3583 0.4804090777516412
626 0.6987549173554398
2266 0.24718828948573934
3320 0.7357231267723988
3701 0.3515399809294918
2607 0.4282028797861518
3494 0.6406931879388998
2872 0.7108254683846921
1069 0.4230130552302658
3581 0.3915699974992236
1250 0.7125778935080382
1553 0.9869126499135571
2843 0.7983404206931684
1828 0.6671449254593736
381 0.25760499446592067
3421 0.8980181169373694
2554 0.022448692176613605
1217 0.27115527186925725
3591 0.3554591202315609
524 0.25746682138478194
1311 0.9737342706487737
2339 0.1726496127445789
2022 0.2190900762401944
216 0.879906613579703
649 0.265076492345784
3231 0.6810842093448488
1636 0.3005643298085027
2089 0.36290015924688035
3816 0.37380988111756785
3126 0.509867253622653
1946 0.8241328742398156
505 0.40056889613766733
581 0.6903832998632268
2090 0.14040314805809007
2610 0.15157564434394843
1427 0.11369454185006822
1664 0.4264101859554543
3210 0.46371782140950746
2402 0.9014835754587831
2786 0.6238477940451426
3001 0.8550411323326698
2448 0.060535894431930526
3136 0.5419911761182193
915 0.37352769446962664
1159 0.6700658586440859
553 0.8957185996537441
404 0.25557449586494585
2333 0.4999596424588385
782 0.3448788323792248
3560 0.6492612435342813
2675 0.23488018384514153
243 0.9071134984787116
3367 0.24841921312529758
310 0.38358783162823107
329 0.21015342433845574
1696 0.5486678638464954
1770 0.9324221341302649
2015 0.7556691965303359
3343 0.9316838906136913
3512 0.8340603430813717
2915 0.4427949916364904
1453 0.5225304982377108
3245 0.5347906109467623
2599 4.277016811597978E-4
3861 0.7276592647803943
819 0.660002787228836
3443 0.20021776211260478
439 0.7551539072668935
3454 0.21557445375077255
602 0.01711240059333574
1237 0.2894156098003148
3827 0.4869083989077506
265 0.4196876851936835
2660 0.062291107239951904
3016 0.1820317925208953
1022 0.8674702865347219
1515 0.9870289163300628
2952 0.9426288911430848
3669 0.37204004144682157
3042 0.7222991175734195
111 0.9568983520820122
527 0.7736803001794762
1564 0.9892849468411519
2623 0.6347261575248815
3048 0.1182690021327717
2736 0.8048745711699895
730 0.8048227458185512
2016 0.8668047507268927
1855 0.2633540966399137
2772 0.8643684497131284
3267 0.951290016485918
256 0.8292719323560485
462 0.8229658585429717
2086 0.27722000797448143
2583 0.043633383239942924
99 0.5137379602311998
2699 0.8390177794684425
3102 0.2720506922914101
2807 0.12088505924576964
1598 0.012134126419620972
1797 0.4805006116132543
3978 0.743901826805689
3301 0.8462708427513062
2866 0.49161355434207343
2993 0.34148706253761996
2862 0.12478097855771086
2028 0.7007878965162253
172 0.7675134651266452
3387 0.5731983541410886
2472 0.028432595936447425
2184 0.4844927462238713
3134 0.9226517696644249
2847 0.4968915250752072
705 0.2821564641028179
797 0.30008954833946455
1672 0.2581446925856222
135 0.7203026572993954
1927 0.9360363756591102
2401 0.33501213185049117
1745 0.22909625096421204
1154 0.9376089268784522
785 0.8487308864933011
4011 0.1810433548094722
840 0.9179244959493451
3613 0.5313473590265685
239 0.48901650605911884
3036 0.13461782155409252
3643 0.028753405206816796
189 0.8144563384859845
3410 0.6635633488311824
3308 0.906305493033228
875 0.34821367977214446
2569 0.2515812238158872
54 0.9839618098172224
286 0.43457438453482267
1978 0.11115909466259877
2307 0.28101265113385887
1071 0.01980839738578588
1790 0.04678364564714088
531 0.7342200264674338
1683 0.4221024282752256
3089 0.2496973304118879
3865 0.03945829835553971
563 0.9357790101746168
2803 0.1977287596276266
2998 0.11825408922665692
380 0.860249626938895
132 0.347867820744741
1052 0.027358504349906942
2124 0.7348859980396328
2162 0.46558627194065394
1152 0.3436491588157644
2995 0.6534815957783117
660 0.008713795837416827
43 0.10087249160590894
3561 0.9535606305783093
2567 0.852668389105803
2152 0.3041874404823639
2218 0.704192249931583
3004 0.4238622780390857
2457 0.15222811926965252
2456 0.02317849079350487
2039 0.3698284015871527
3091 0.18324318102542225
1131 0.024422578043977627
3895 0.8718801300737796
2690 0.8245090106197652
2711 0.7263068564176779
2045 0.5624158533864214
3570 0.9546354686493507
3453 0.6671431874036551
1043 0.19716896560060082
2745 0.9556179637887483
3138 0.2518532255549544
3352 0.2019110631650065
598 0.26206493815639864
3098 0.17680588620666648
2252 0.4854596992255451
357 0.05492433392986429
356 0.1967796624918261
1835 0.1693831559547876
433 0.8528741435089652
2282 0.4062744657474642
19 0.9828745644573359
3588 0.48036470862085123
1277 0.6192843977409032
3106 0.5921381556678403
3630 0.6061024564325511
2647 0.7231509310903658
2189 0.09803849383616237
1305 0.03571053113136269
1525 0.6810636771217699
2287 0.4738812493649921
2670 0.12025670950618372
2006 0.9510887051819276
1314 0.9880718923092001
3085 0.20613385437151477
2038 0.6973082127942702
473 0.030829138146292068
1008 0.5013614045258128
1339 0.6509652176604467
3843 0.21358487355751976
4001 0.3757547087571056
3047 0.012182189954566658
2549 0.5327593419646044
1652 0.1520443567015648
2858 0.25468808657296316
2381 0.5059929518554249
926 0.9760830167899083
3774 0.05128329293754885
2437 0.8921403949358362
1364 0.03987631093067967
2695 0.004720555909399904
63 0.12044081451040656
2414 0.37358478763397496
3594 0.9844645149268944
309 0.46128743605980393
728 0.697021376813397
859 0.9307970687901483
2094 0.1440782208416116
4000 0.36429909496628643
2913 0.5227651117767355
2443 0.3238464072015034
1881 0.4494443873244147
3005 0.18929767505129602
1284 0.6339829025144701
2595 0.7716709921099715
3396 0.629274392110638
1028 0.8116160893465674
1668 0.5153126312880296
1872 0.8997749401869808
3640 0.5101464045093644
2512 0.8805853935200253
2676 0.04964171052514299
1631 0.47143453412317216
1348 0.36855093860815735
2502 0.2084676553189403
186 0.7119804750293981
3598 0.2479031916636456
1254 0.06462224481021217
2601 0.35212372082640275
1958 0.4013600856345284
1439 0.18345620508236726
525 0.523992374910718
1272 0.9414011164453842
3428 0.2823670766834748
2810 0.3027180314283212
3506 0.5023685446831361
2226 0.4654547021897528
2955 0.016716464292862443
3939 0.030566142453194334
1016 0.46684881626065355
413 0.16668817840755668
2029 0.8053041395210692
2796 0.4490073073352364
3213 0.8586552214924102
1357 0.41173228701146847
1510 0.7324679496587579
2784 0.9407734592512407
82 0.963877008509646
3486 0.40985132261590596
3390 0.006726763009082148
1847 0.945986419029798
766 0.11198132627909774
2399 0.43139625460409503
2639 0.8260547437734413
866 0.1060912419513459
3849 0.9462623989964891
1394 0.7423997024201434
1869 0.7607884000478693
3615 0.898361004470353
761 0.06606445468865219
1810 0.31613401120814744
3876 0.7435520155991269
3204 0.9746258533856399
1474 0.42752763019179196
1763 0.008430754959216413
1558 0.9831265007139768
1765 0.8094818973280435
654 0.5077701949881601
463 0.2907861528224802
414 0.3779759939826772
3734 0.9360865888243535
472 0.38683440628957244
2267 0.8237537454142039
4002 0.29518529815591965
2126 0.0017485617836304757
546 0.5823877382013752
1650 0.1228520646283402
1382 0.9018502140636387
1526 0.11087210968776162
49 0.6840844945580918
2223 0.32019158336214226
1085 0.5885022705217605
2249 0.43941739377939115
2568 0.5776579579289214
693 0.5572519656229826
3952 0.4079382517023824
3736 0.9028895913245922
2598 0.32322631244098166
2240 0.8577170609389805
3376 0.8678637287377784
2547 0.7389710430909001
2832 0.5579601370358808
32 0.4240015276819503
2222 0.8620492395258896
1238 0.22626316576744898
3864 0.6301734061133945
1582 0.17707990466373447
1469 0.0022367271186592985
141 0.40220494411112184
382 0.5400635966200794
3830 0.016455231796735137
1273 0.12182247681517089
2775 0.5660878119674196
3469 0.1617409362081058
1113 0.7155806937744942
2177 0.26238290309068923
745 0.5571874257784643
1164 0.151850680114768
3288 0.5877750004888566
1247 0.02539710645689075
955 0.28338467092139163
3868 0.4120064838668791
1179 0.05864801457660862
2382 0.7740607054009042
1432 0.7422497152010894
2833 0.965416967959401
3851 0.06328006798139774
4035 0.8038733872500253
2776 0.8244146758017237
125 0.6325014790965331
2292 0.7498751942263486
1665 0.26572223549186624
1429 0.5181618105283605
611 0.9459554066602103
1886 0.3163344557656822
2951 0.3214718253627685
2211 0.7445058859059277
2997 0.33263930381470563
887 0.9321726630754054
3069 0.7396110943597948
1169 0.9436506940839132
2812 0.7078301010144041
725 0.6054282908156137
1725 0.8972961642392907
1588 0.7065515709982039
2817 0.2767866770385581
3776 0.5426922815489426
1018 0.9451671988054009
657 0.1994171220815507
713 0.5192466097818838
1506 0.02010926703213467
3160 0.7126066532137588
3448 0.8643348148400933
1283 0.04438417343573431
2268 0.034179881848239724
2440 0.7836450413515426
2719 0.8958071564646481
578 0.2469244712265639
2232 0.033420479719748486
947 0.057509840000381174
908 0.2908360064792551
1845 0.46952234112979196
3628 0.8454124722093506
503 0.02285161850736639
1712 0.8492947869489722
1119 0.6821784337327403
790 0.5085006729072377
3041 0.9209711955581773
1361 0.3616795915906629
2815 0.5263797095636716
3159 0.09337579521527017
2794 0.9509101663769287
264 0.3629317417543777
2769 0.9398147363167823
3326 0.7570035837999395
67 0.6780565706300762
3316 0.2538761320642605
811 0.47692889254310245
85 0.20983923178541886
405 0.8479561145564772
2369 0.2959209170616741
3295 0.8712485044576581
2096 0.4969922379111994
1000 0.8783090830276853
982 0.9700160833862757
1204 0.347316756888544
2783 0.4949837199881937
2978 0.4046713004608361
3112 0.4574695758341851
225 0.6832485837148312
619 0.807964573686555
1798 0.3891673828072726
2087 0.548071509371584
2044 0.04932552491923503
3153 0.8107392109138193
465 0.46656292207830274
3763 0.11007852997346113
55 0.20371607772271005
1846 0.43066679406065733
3237 0.3983317379461091
1993 0.3669618085181968
2652 0.7133203714160175
107 0.8864877554363414
3738 0.7328932638439185
2574 0.6174237321201461
2285 0.48590284597496425
4021 0.009350413978547856
3349 0.02898407392922797
1628 0.708040126026681
3464 0.049090256626635353
3757 0.9597887813548991
3100 0.2891667406857459
3227 0.5219862004968168
2603 0.6924762056361492
2982 0.12412952798117016
2983 0.5717683875040094
680 0.9826560414678438
873 0.8009881296548836
183 0.7247822747635084
3878 0.10208003416369449
1593 0.5875869489729567
3084 0.4508359959364029
788 0.2110943041396356
2841 0.5874374072423242
3699 0.28595160102226547
1444 0.6137764614863421
2395 0.8109268051191022
3431 0.8558421414270102
2390 0.5919827786936556
1557 0.12109036114536653
1093 0.7178372507898632
2543 0.3840723905542225
3299 0.18704615761514054
2576 0.8755848603902615
4024 0.2647279066913856
1103 0.7587700736570666
3503 0.9046794916934877
2003 0.6680966267479294
1490 0.09204813569224646
2264 0.6227814902086463
2504 0.9157667674950452
739 0.3543855426858207
3286 0.7571137186113466
880 0.19906689806170352
3203 0.13511852439819372
3141 0.07897309582672785
3558 0.4508340966173833
3586 0.055783796071989356
522 0.35608029948408737
